AA;0;17.52,32.17,31.19,27.33,40.73,30.04,32.68,6.43,26.48,15.92,44.57,28.85,51.41,32.85,25.87,12.06,24.84,13.93,53.54,9.86
AB;1;70.11,46.91,38.49,44.98,59.32,23.56,53.82,65.19,86.11,48.54,14.79,111.12,37.29,81.66,39.94,83.42,63.18,56.18,55.36,52.15
AC;1;98.85,81.8,2.85,47.29,111.97,57.0,19.69,76.47,34.14,58.09,25.74,53.91,37.52,85.3,117.09,55.15,62.5,57.79,17.51,50.35
AD;3;351.14,272.33,158.32,282.28,218.07,254.72,117.75,144.84,85.58,357.79,381.72,98.14,454.96,398.79,247.72,259.38,110.72,255.21,212.61,269.87
AE;2;92.86,92.36,135.35,119.79,232.5,226.38,124.05,158.61,160.88,70.17,202.7,26.0,108.57,52.67,115.17,8.99,83.53,180.61,59.59,61.15
AF;0;24.57,9.99,51.38,20.83,10.85,37.97,23.32,23.34,26.21,32.88,13.1,21.34,18.46,40.28,31.57,12.58,25.76,23.14,4.97,23.95
AG;3;192.85,225.87,433.06,128.34,70.81,276.52,342.37,214.46,397.96,147.95,479.33,38.37,324.37,273.17,246.46,144.18,140.23,364.12,240.06,193.91
AH;2;157.1,214.95,197.84,149.03,233.65,146.34,167.62,225.54,91.0,93.05,148.98,91.69,20.75,183.9,86.92,128.42,78.46,160.74,219.87,161.07
AI;2;168.41,53.85,155.84,155.99,69.22,121.03,121.6,117.41,32.59,28.21,36.76,125.4,95.54,196.94,105.35,85.2,90.22,144.21,94.16,246.24
AJ;2;114.54,186.64,56.24,117.43,118.07,105.4,238.83,90.28,146.3,246.73,155.99,83.85,91.04,42.67,130.11,78.71,50.88,180.99,83.02,25.13
AK;2;40.67,123.62,92.8,52.98,62.87,79.78,75.29,9.05,35.48,250.66,116.53,41.49,55.11,110.94,90.69,132.19,154.3,125.35,127.06,142.75
AL;0;30.31,31.53,27.87,7.77,20.83,1.49,12.03,31.26,29.17,37.78,45.08,33.62,21.94,49.97,42.14,25.83,15.98,39.25,21.58,16.34
AM;0;21.24,10.38,43.82,38.46,46.57,9.22,37.19,19.17,24.53,20.71,44.03,29.66,37.72,28.64,45.45,19.39,37.18,37.27,37.73,8.12
AN;2;215.34,115.17,106.85,181.17,131.78,130.51,123.62,104.81,87.17,112.42,183.93,62.73,73.15,149.17,111.09,98.67,101.75,89.42,80.57,135.92
AO;2;162.4,45.69,124.12,42.64,58.5,131.0,81.24,22.49,52.19,63.22,168.52,128.01,232.13,103.25,139.73,193.3,26.32,140.19,173.46,131.87
AP;0;2.68,30.44,15.33,13.81,28.0,26.81,16.23,11.27,10.59,43.15,7.21,21.22,42.13,28.25,44.23,20.19,34.72,4.91,21.38,46.22
AQ;2;194.44,108.26,27.11,52.27,97.27,153.26,94.42,44.28,43.81,96.3,109.17,165.63,64.83,104.8,125.15,109.41,65.39,118.44,112.01,116.62
AR;1;41.03,31.2,40.54,4.45,53.83,83.93,78.24,63.29,111.84,75.57,57.09,23.32,20.74,53.13,68.22,60.02,27.82,87.61,34.55,137.96
AS;0;29.89,29.4,31.54,27.0,27.05,11.49,23.61,13.28,13.98,22.95,31.62,38.1,8.6,23.31,6.85,32.39,29.77,23.45,39.55,9.74
AT;0;35.08,42.8,11.62,15.25,35.57,47.16,4.39,36.97,23.51,22.73,12.54,0.86,40.31,27.05,10.09,48.42,24.24,7.11,46.98,34.82
AU;1;90.99,53.22,56.51,30.06,60.89,41.38,2.87,54.41,14.0,59.27,37.17,12.07,38.61,86.6,34.78,75.11,23.82,31.94,66.01,36.31
AV;0;26.99,43.96,4.35,7.63,32.39,29.36,30.87,17.54,23.38,13.32,13.08,26.65,13.87,20.36,29.63,22.36,30.26,13.53,6.73,31.7
AW;0;41.64,15.81,20.52,29.58,26.73,25.89,16.92,24.01,19.62,5.37,31.78,24.58,9.09,42.08,21.49,33.27,19.27,29.1,44.36,46.7
AX;1;91.22,69.83,12.06,100.83,16.76,58.18,38.31,42.1,44.59,55.72,9.37,70.49,59.6,63.42,81.39,58.0,103.92,78.25,85.73,42.94
AY;3;358.37,269.68,34.35,273.71,48.42,265.4,200.74,139.3,174.78,134.85,379.37,446.23,189.37,203.3,167.04,186.46,192.8,21.73,305.87,374.78
AZ;1;25.73,16.14,100.84,59.76,72.57,57.27,92.6,50.36,24.66,95.0,7.21,54.53,77.59,87.22,37.28,33.14,48.99,37.92,65.43,25.26
BA;0;4.95,29.77,31.23,33.57,27.42,37.15,12.95,21.06,28.36,19.0,6.98,20.72,18.8,6.76,33.18,27.73,17.59,46.37,43.55,30.96
BB;1;38.79,44.43,23.29,105.83,58.39,5.14,57.93,56.58,60.95,25.53,77.21,57.53,53.39,32.04,5.2,35.46,90.11,107.4,38.57,51.63
BC;0;6.87,38.65,36.19,14.76,10.64,15.34,63.61,39.29,21.43,32.01,33.71,57.27,49.67,42.45,24.26,17.12,43.79,23.8,29.61,11.93
BD;1;72.78,56.0,40.85,82.23,31.02,34.8,65.7,97.52,22.26,105.89,72.12,72.99,67.59,34.41,62.76,52.19,39.33,44.52,36.56,91.11
BE;3;443.44,346.85,271.72,8.5,231.57,62.44,486.68,351.94,378.3,200.89,375.62,377.78,102.99,314.31,339.81,287.71,13.28,302.07,207.38,310.94
BF;3;276.94,331.98,343.74,371.27,267.86,422.15,380.41,166.71,46.12,146.6,383.92,134.04,261.41,314.55,442.99,202.86,132.27,465.11,325.12,11.8
BG;3;172.11,243.29,356.31,297.26,462.43,59.21,260.69,241.93,185.19,243.53,366.95,143.49,282.13,340.49,6.83,213.71,259.23,435.67,386.58,401.81
BH;0;20.44,17.18,12.54,3.31,16.32,1.09,18.89,25.61,23.89,5.2,27.46,19.79,28.76,31.63,37.8,30.19,17.9,38.75,15.86,33.84
BI;2;152.63,92.37,18.69,165.81,151.16,99.83,68.89,169.09,143.54,193.29,139.84,108.61,78.51,101.3,254.62,109.59,136.75,132.95,155.13,120.92
BJ;1;79.61,70.59,25.81,71.77,41.03,71.07,61.11,21.73,51.79,78.18,25.6,65.41,64.94,74.85,37.43,36.6,96.53,66.85,114.28,82.12
BK;2;157.04,177.57,98.14,231.13,150.94,209.74,107.83,157.54,126.37,91.44,180.94,101.18,92.57,132.33,129.7,127.34,210.62,7.98,68.58,1.81
BL;2;109.6,18.2,78.67,220.36,96.11,21.63,93.92,168.02,59.26,102.28,111.81,58.2,111.39,45.29,45.28,174.33,136.59,179.43,88.18,82.47
BM;0;33.37,17.43,34.54,14.18,44.33,27.66,33.01,14.58,11.15,18.14,11.23,44.45,40.5,8.6,6.73,9.0,13.92,23.62,39.61,11.97
BN;0;39.92,22.7,26.96,33.19,29.83,18.98,22.93,27.73,18.47,23.56,21.32,30.33,46.27,11.96,36.91,32.13,30.55,30.51,29.52,22.6
BO;1;110.9,53.49,11.33,52.04,98.96,66.04,134.16,56.1,49.23,57.43,42.01,136.69,47.76,86.89,9.77,8.88,31.11,9.91,79.52,100.57
BP;0;24.56,26.36,29.77,23.5,12.6,29.45,36.16,19.63,30.83,19.7,21.34,16.45,27.43,24.19,4.3,21.56,58.08,12.74,18.9,18.48
BQ;3;116.48,166.83,523.5,145.95,191.57,337.61,477.96,282.96,406.57,485.91,485.68,440.14,155.69,497.55,237.96,98.29,197.43,337.54,193.63,20.08
BR;1;33.67,35.55,55.15,35.71,46.28,60.06,83.09,93.59,60.83,48.87,47.31,123.12,79.63,64.69,84.86,30.8,46.3,8.72,86.42,42.7
BS;2;315.62,48.88,126.61,53.75,71.68,143.64,52.87,151.72,93.17,92.02,50.06,60.94,87.09,54.27,86.95,111.93,161.73,2.6,219.32,104.64
BT;0;33.19,33.52,42.3,43.93,48.13,44.08,17.94,25.18,14.71,22.93,13.75,17.95,19.21,22.37,30.85,33.61,31.08,27.96,6.96,38.04
BU;0;24.73,37.13,28.26,13.41,3.53,12.48,33.39,56.14,40.47,50.46,7.36,20.64,33.58,39.48,26.95,8.75,9.21,56.26,55.28,28.76
BV;2;179.43,21.04,172.52,42.3,121.76,153.01,88.51,91.83,53.04,203.27,53.15,140.71,85.01,201.67,223.91,126.08,33.11,55.52,134.85,110.18
BW;2;41.27,62.36,146.52,307.83,59.7,163.04,163.5,95.39,120.12,144.48,187.14,202.06,34.51,184.05,6.9,100.04,104.45,26.51,87.96,188.23
BX;2;177.04,150.08,191.91,144.34,336.32,172.52,120.02,54.05,86.58,83.06,140.07,169.24,113.26,108.22,123.02,182.67,75.21,76.44,168.23,203.83
BY;3;218.93,55.72,277.27,234.93,301.66,177.93,235.0,411.32,472.48,86.38,388.59,222.98,427.87,236.64,266.88,173.31,192.94,338.68,108.37,123.31
BZ;2;23.91,159.53,5.85,105.85,158.56,148.18,41.32,85.82,25.64,70.6,180.32,132.95,149.68,67.0,200.34,136.71,169.43,90.05,106.72,103.75
CA;0;27.87,31.21,2.77,24.43,28.8,58.57,18.46,4.78,11.73,18.33,32.57,11.37,31.14,15.72,28.51,16.8,60.77,20.92,39.16,17.48
CB;2;190.84,152.86,84.44,96.05,7.0,134.12,127.0,115.46,95.98,105.58,96.76,74.7,167.81,132.04,127.63,91.66,224.66,240.3,19.7,161.4
CC;3;406.96,140.68,117.76,289.38,267.51,266.1,304.94,291.1,199.33,243.41,168.51,106.25,145.01,439.96,152.29,110.84,276.64,190.88,170.66,265.86
CD;2;117.16,240.61,207.8,127.68,240.69,138.3,225.69,201.29,54.26,146.16,251.34,177.75,165.03,196.57,193.96,104.46,7.33,112.76,132.0,96.17
CE;3;310.17,83.98,325.18,189.77,306.11,288.78,484.45,48.96,197.98,177.31,16.1,381.0,178.03,313.57,119.47,244.97,141.35,179.82,85.17,222.23
CF;0;14.03,27.72,22.99,45.29,29.0,48.83,21.62,14.87,4.54,11.95,18.6,13.24,28.9,37.36,6.19,42.84,33.31,19.6,19.52,1.31
CG;0;16.73,43.85,52.14,8.29,2.26,39.81,25.79,23.59,27.03,26.67,31.62,39.34,39.11,25.41,21.27,69.75,40.2,36.13,35.88,2.06
CH;2;213.84,97.0,204.27,165.33,169.15,145.83,94.1,190.32,178.7,80.4,37.51,140.47,176.35,172.56,67.92,178.53,123.07,175.33,70.54,44.59
CI;2;19.97,87.6,94.71,131.24,114.22,167.04,115.13,153.23,85.98,74.28,92.67,143.06,117.43,60.82,134.83,214.81,61.5,192.87,163.94,135.11
CJ;1;0.74,29.05,78.18,41.4,48.16,58.15,64.13,52.09,22.98,57.16,77.37,38.14,56.74,31.47,58.62,32.06,29.96,6.87,21.05,37.56
CK;0;17.13,19.33,26.56,16.6,30.26,41.21,12.98,23.02,24.37,44.07,17.18,14.74,24.35,0.86,29.19,18.05,46.2,46.93,43.63,18.5
CL;1;37.54,86.14,18.43,38.61,19.83,43.88,47.2,69.33,106.97,76.02,38.55,55.62,96.76,32.39,63.97,77.72,40.43,115.02,36.18,50.47
CM;2;70.44,127.99,122.72,141.3,24.5,116.61,52.91,224.04,89.08,164.88,140.79,92.76,30.14,161.21,24.06,173.53,26.62,197.73,11.27,31.9
CN;1;62.6,37.31,33.51,79.6,32.41,73.71,114.23,117.85,41.76,52.37,57.85,43.92,33.75,52.14,59.95,33.09,43.31,118.11,3.78,104.67
CO;2;112.83,59.89,61.13,179.94,131.82,32.21,193.45,186.65,63.69,142.75,69.16,47.5,113.66,220.98,41.0,277.23,54.4,36.01,229.65,135.06
CP;0;2.65,20.25,34.77,33.25,10.52,45.82,19.52,15.42,29.23,28.83,14.61,30.27,31.22,42.16,26.1,55.38,15.52,32.69,6.42,20.33
CQ;3;154.07,112.6,210.98,463.04,322.24,106.6,424.23,432.36,272.32,81.22,402.11,219.58,509.35,188.49,406.19,162.98,172.89,370.26,252.58,388.02
CR;2;107.24,27.71,112.16,137.1,96.84,26.7,43.94,55.15,231.4,120.63,64.13,41.9,121.52,262.8,88.85,47.52,181.91,15.88,70.82,74.21
CS;0;15.47,21.81,25.89,61.57,14.94,36.26,51.39,33.87,36.1,21.78,32.01,27.83,18.98,1.51,7.17,24.55,29.27,12.12,10.77,57.74
CT;2;167.76,177.27,19.39,169.86,63.75,39.74,120.83,89.84,35.16,176.76,166.55,123.68,23.79,151.17,173.7,155.89,106.39,98.11,196.07,93.26
CU;3;164.64,6.1,194.97,277.98,422.42,378.99,201.04,90.25,57.22,291.28,340.86,169.05,160.56,103.96,55.07,67.35,205.57,451.54,160.9,127.95
CV;1;111.69,46.57,47.23,50.43,31.04,17.25,21.91,89.51,24.92,53.64,43.36,28.25,21.43,98.43,45.49,40.02,23.78,46.25,41.77,61.62
CW;1;47.89,65.75,132.65,21.32,35.9,80.93,48.54,39.03,103.09,72.16,76.21,37.55,80.83,49.55,93.18,70.87,91.08,37.6,81.45,65.71
CX;2;197.97,68.25,136.89,111.23,158.53,97.79,64.55,102.76,13.97,84.24,59.97,123.53,73.89,102.68,127.56,91.09,49.45,272.53,171.55,163.3
CY;1;59.19,72.01,41.22,50.9,68.39,38.12,39.32,52.53,89.05,58.18,51.28,67.83,43.32,82.85,48.73,15.43,37.44,67.57,22.3,8.94
CZ;0;12.79,2.71,2.33,47.79,44.68,1.49,25.28,11.95,18.85,10.29,17.02,28.78,27.55,45.14,41.17,41.6,51.8,7.51,27.83,26.89
DA;0;24.66,29.23,36.07,31.46,36.88,18.12,30.69,27.7,48.91,34.1,28.98,8.61,26.55,48.16,24.9,14.38,35.58,15.72,18.55,17.87
DB;1;87.8,57.23,23.71,40.65,41.43,73.82,44.5,84.21,46.45,58.88,40.13,51.84,59.56,86.93,95.41,43.39,59.67,77.2,108.27,83.24
DC;2;120.57,42.57,122.76,37.38,105.34,104.43,42.85,69.22,38.1,221.9,215.39,113.08,263.55,131.39,74.01,256.07,191.08,212.38,134.46,98.52
DD;1;89.14,103.08,99.08,25.84,1.42,41.64,36.54,38.24,61.69,76.21,3.82,99.87,60.21,36.44,17.82,64.44,6.18,2.17,87.81,64.49
DE;0;40.32,5.85,39.65,14.69,37.89,37.41,37.91,67.31,35.21,11.26,30.34,33.15,26.23,32.59,28.45,45.68,48.15,12.79,13.67,21.27
DF;3;506.32,349.13,355.58,392.65,137.53,248.87,446.86,250.15,315.0,300.9,259.54,510.77,168.33,261.98,347.06,213.3,436.12,154.49,172.5,379.46
DG;1;78.48,65.74,58.25,73.05,42.23,21.15,81.37,37.53,40.08,92.15,64.06,38.21,44.65,46.1,44.7,62.63,29.93,54.82,50.48,45.83
DH;0;48.05,18.25,18.86,29.37,40.29,14.35,40.39,37.11,48.26,25.29,41.2,34.22,23.1,53.21,14.65,32.49,16.37,36.86,34.49,19.46
DI;2;33.39,107.9,105.65,124.52,67.75,74.53,146.14,106.1,122.03,143.53,86.77,97.99,137.66,125.65,215.97,155.14,176.72,233.25,134.88,113.42
DJ;0;17.94,14.27,24.81,37.92,31.53,20.8,40.16,68.53,1.65,59.08,42.56,28.07,18.63,22.78,28.98,12.86,14.63,40.82,35.73,36.18
DK;3;423.21,253.94,295.5,231.59,384.62,282.22,232.42,216.0,267.74,184.45,181.92,238.26,60.34,142.38,322.95,424.63,283.79,397.52,133.67,158.44
DL;1;109.15,47.59,64.14,38.14,57.55,51.85,35.88,47.15,88.77,48.28,105.62,73.99,8.49,58.3,29.13,87.9,24.17,24.78,32.79,113.23
DM;3;39.11,397.44,445.05,256.09,340.43,305.26,226.56,260.59,200.63,376.42,77.07,279.74,305.9,396.34,452.82,352.91,223.13,312.46,215.64,86.54
DN;2;105.57,169.9,175.12,117.7,28.97,95.12,207.53,90.87,74.18,154.61,0.18,167.31,61.55,119.17,78.15,75.64,29.55,131.6,126.77,38.37
DO;3;331.51,419.92,79.73,212.1,141.35,228.03,231.12,255.78,337.33,298.86,517.67,341.84,204.24,290.3,369.67,350.05,218.36,430.03,159.12,265.3
DP;2;164.02,78.3,34.4,9.81,13.49,100.3,4.48,74.93,164.35,163.33,155.34,128.92,104.16,185.79,35.07,39.1,78.06,201.61,220.09,35.03
DQ;1;71.42,43.92,0.2,31.11,46.87,85.53,34.5,30.15,57.0,105.17,60.23,88.11,12.6,65.21,59.73,54.25,91.92,3.51,72.64,53.55
DR;3;278.06,158.73,32.28,113.17,381.55,341.73,155.61,411.4,186.47,229.78,288.24,371.67,516.52,500.66,333.64,154.41,373.3,411.69,373.7,272.46
DS;1;32.68,44.81,41.77,91.51,53.61,69.85,108.29,116.19,73.57,71.58,4.07,42.68,2.06,5.05,46.53,70.37,43.36,74.62,73.3,88.08
DT;1;93.6,37.49,70.53,98.64,34.4,25.13,72.89,98.74,25.26,71.0,37.76,90.68,32.81,53.67,67.58,10.26,13.14,58.68,107.7,73.98
DU;3;203.69,202.85,99.59,147.28,337.9,351.97,136.99,175.47,271.29,347.72,311.24,231.23,190.59,190.68,345.2,75.22,28.1,196.32,238.16,423.4
DV;0;58.59,18.62,21.93,21.79,46.95,9.71,33.06,8.73,24.15,25.45,47.75,37.19,34.58,19.34,20.16,35.02,22.36,44.57,18.19,12.05
DW;3;310.28,441.96,101.65,410.6,275.8,17.25,391.5,288.86,361.34,286.51,400.47,212.58,359.99,231.21,585.98,454.1,276.91,314.67,322.17,336.0
DX;0;1.72,20.18,19.91,14.49,16.68,29.41,33.81,36.12,27.15,11.72,21.4,39.0,39.23,40.57,19.12,3.19,27.41,28.16,34.6,22.87
DY;0;20.32,49.64,24.98,24.04,2.01,42.45,9.56,36.09,26.53,25.49,45.87,34.98,26.55,27.71,25.22,49.3,14.52,19.37,37.58,39.75
DZ;2;80.96,29.9,274.17,144.74,93.38,11.5,143.47,166.71,108.83,168.75,6.15,169.94,137.88,168.25,189.25,150.0,192.99,93.95,23.3,138.43
EA;1;37.68,28.27,90.51,86.08,43.82,39.51,80.24,82.82,96.12,41.9,79.19,10.31,121.98,94.85,63.42,131.63,52.99,51.62,24.66,54.15
EB;3;223.58,86.16,144.59,443.79,328.88,72.43,351.28,70.46,463.09,312.79,205.12,252.93,255.01,274.19,403.29,153.64,260.97,301.27,246.93,30.51
EC;2;32.99,130.33,97.25,56.65,95.9,155.67,107.01,198.52,153.48,7.84,136.1,82.19,13.31,127.25,47.66,62.51,67.41,83.12,154.09,34.29
ED;3;331.1,437.11,241.28,367.87,61.24,202.63,171.25,501.48,516.83,483.15,188.91,238.47,200.72,230.35,23.84,367.06,313.02,297.06,453.39,325.16
EE;0;11.29,40.2,40.27,26.91,18.86,23.51,31.17,24.74,26.52,32.16,4.26,15.51,45.03,1.14,28.15,8.24,27.69,19.83,31.32,2.15
EF;3;405.21,614.22,277.17,345.24,256.15,311.43,332.25,60.35,354.35,233.79,343.59,134.63,52.58,454.47,514.75,57.57,482.24,235.34,128.93,299.11
EG;0;37.02,21.38,33.79,31.51,6.76,28.33,28.67,33.89,17.85,27.91,30.12,42.82,23.4,3.33,27.23,24.79,31.59,29.57,22.66,33.48
EH;0;15.52,34.45,24.14,33.94,23.41,42.18,1.07,40.13,33.35,25.53,22.93,37.27,37.54,26.98,20.08,39.37,22.68,31.61,50.14,14.25
EI;3;9.52,329.99,263.79,39.36,197.29,189.88,267.61,44.13,115.75,152.64,205.74,512.27,381.36,156.85,281.88,192.59,323.85,253.27,149.74,240.3
EJ;3;24.71,326.19,517.07,0.17,495.15,291.12,285.04,249.61,176.5,280.73,241.95,70.68,259.14,141.29,390.67,219.55,330.76,160.44,364.8,201.73
EK;3;164.95,314.6,305.74,296.07,66.35,244.09,262.79,149.21,290.75,121.78,263.49,298.82,472.46,126.26,318.75,200.42,452.68,227.47,219.7,308.45
EL;2;96.91,71.43,165.16,109.92,196.5,181.04,92.14,92.75,140.47,170.99,194.06,153.04,101.62,243.4,131.47,122.28,186.67,46.36,132.92,55.1
EM;1;67.34,40.82,66.88,83.79,30.55,65.59,34.37,52.25,44.89,105.0,38.76,59.12,30.37,2.69,44.1,95.93,80.36,97.07,90.8,65.31
EN;1;13.83,32.62,22.14,120.6,104.73,48.08,54.11,87.9,120.85,51.86,15.67,64.63,35.74,69.56,38.15,49.66,53.61,92.78,102.15,75.08
EO;2;147.83,86.79,78.41,166.51,18.71,100.56,163.37,169.61,97.26,162.0,81.15,123.64,283.25,37.8,152.01,215.36,102.38,99.59,126.98,171.79
EP;2;118.33,168.29,159.34,124.01,124.74,197.84,135.26,153.54,97.77,203.08,114.76,145.11,97.97,140.48,143.95,151.15,175.23,118.11,12.69,62.64
EQ;2;0.65,101.33,129.29,97.02,6.21,128.78,69.14,108.91,145.6,110.13,73.56,18.76,129.95,115.33,227.32,95.84,135.89,146.7,83.49,154.33
ER;3;10.37,213.03,283.31,297.92,171.55,200.82,185.77,380.69,30.19,245.68,156.12,272.23,186.81,127.27,363.76,109.26,172.58,167.83,215.36,501.42
ES;1;38.6,76.21,5.25,92.5,59.42,42.84,56.51,42.06,64.83,84.37,19.29,46.18,38.19,4.62,70.11,46.6,63.86,9.65,95.68,27.77
ET;3;319.82,180.68,277.73,154.4,351.31,282.96,236.32,353.28,420.89,87.06,20.78,271.59,249.98,224.09,192.55,247.74,376.19,289.26,298.2,21.66
EU;1;50.69,51.42,6.02,52.49,81.09,74.46,76.56,60.58,43.95,22.93,77.01,69.65,69.69,54.2,55.92,42.9,63.9,79.4,11.65,31.2
EV;2;222.7,134.62,181.56,254.99,138.68,73.76,114.37,53.54,99.31,28.63,57.15,155.02,91.62,83.94,207.87,143.01,89.65,128.11,84.15,48.44
EW;0;24.2,6.29,31.0,3.45,17.16,8.18,27.43,31.6,51.45,29.38,13.61,18.68,53.44,15.87,11.74,24.77,33.65,25.92,42.05,42.17
EX;2;231.62,161.83,87.67,104.57,160.71,114.42,91.07,102.56,200.54,148.28,91.69,6.46,209.67,21.88,80.75,136.04,110.13,238.27,149.99,242.89
EY;1;53.46,99.16,23.08,88.35,55.49,89.53,59.04,89.19,62.95,42.28,62.31,42.1,69.77,7.06,65.81,90.82,78.49,58.95,84.97,50.5
EZ;3;337.01,99.99,214.6,325.25,207.6,152.78,193.0,258.16,420.98,267.2,212.38,149.24,495.42,336.44,289.94,322.31,423.3,55.77,258.99,365.45
FA;0;29.87,18.96,10.52,31.32,23.67,34.73,45.45,37.7,11.58,45.32,29.31,51.22,57.23,20.23,21.37,31.02,22.09,34.42,23.47,28.19
FB;2;180.08,81.12,36.21,136.56,181.65,186.93,166.02,137.31,86.5,24.93,78.91,66.61,36.85,160.87,194.85,154.26,95.88,98.31,182.34,180.66
FC;0;11.44,25.49,31.8,25.14,42.27,29.18,25.05,14.85,19.4,38.75,40.29,31.64,26.67,22.53,26.48,17.39,23.99,28.54,30.71,19.71
FD;0;23.96,34.27,24.77,4.6,1.42,19.97,57.96,20.91,45.98,11.7,41.28,24.48,25.89,35.61,27.71,31.16,35.36,16.0,34.11,59.7
FE;3;192.68,372.15,245.81,119.07,160.06,281.65,177.38,122.94,265.65,430.62,234.34,353.05,225.54,370.62,387.71,192.69,210.89,541.13,195.83,196.74
FF;2;86.24,60.95,184.78,139.23,206.38,194.0,154.93,150.2,91.39,190.0,299.31,99.34,139.56,118.82,93.73,170.58,128.42,181.04,89.38,208.89
FG;1;57.2,72.9,62.67,42.1,40.72,20.75,8.65,38.29,62.21,17.39,89.18,22.59,103.82,94.55,48.36,67.74,57.52,87.47,83.82,85.89
FH;3;287.64,249.65,137.89,126.04,199.35,234.51,517.02,252.35,143.38,413.82,438.51,54.76,419.27,370.25,249.85,24.11,382.37,119.7,31.22,226.75
FI;0;48.91,14.16,8.87,21.96,31.39,25.6,35.94,31.73,14.08,39.22,15.53,37.91,23.44,34.51,21.51,27.1,30.73,48.34,35.89,54.88
FJ;1;38.57,41.2,89.53,65.26,57.76,12.53,43.8,111.62,61.38,81.78,94.8,24.37,130.53,88.09,58.14,88.14,71.87,80.08,87.87,98.4
FK;3;401.09,354.49,352.27,366.62,316.2,403.03,349.55,386.7,302.31,302.04,306.03,337.92,293.26,233.44,251.72,346.07,188.3,125.86,207.1,343.34
FL;0;36.91,27.88,41.4,24.22,40.53,32.7,33.46,8.21,35.43,26.45,23.52,44.17,25.6,18.98,14.42,20.38,24.11,19.96,33.94,43.07
FM;1;91.28,88.96,71.63,21.83,40.73,1.59,67.85,83.57,20.32,45.13,61.56,60.48,54.75,30.71,76.96,48.75,68.99,106.14,67.77,50.39
FN;0;38.01,3.31,12.27,15.05,23.47,20.56,23.46,26.26,59.44,27.17,29.9,27.55,19.07,38.23,25.52,46.52,29.33,33.3,28.31,39.8
FO;1;62.17,37.13,58.75,128.72,23.23,45.62,110.19,59.38,27.57,103.98,71.94,63.29,11.9,48.38,110.98,47.23,52.24,32.48,59.8,65.33
FP;0;47.25,48.12,40.78,44.97,24.64,5.32,19.94,36.8,32.69,39.33,29.04,29.09,33.14,33.46,26.26,19.53,53.29,37.46,25.81,39.6
FQ;3;261.95,179.62,8.53,212.96,453.98,155.59,195.34,51.36,290.45,328.27,232.36,113.62,120.73,123.5,579.48,279.49,175.71,371.26,156.89,269.87
FR;1;57.27,45.23,83.19,65.77,70.22,54.78,61.35,75.45,39.57,82.07,1.41,100.45,54.12,95.32,47.33,120.56,39.65,53.39,50.59,50.92
FS;2;106.18,186.35,219.31,181.39,81.14,163.67,112.84,118.3,68.85,246.52,35.9,115.87,210.66,90.1,56.91,122.95,118.53,209.59,78.72,80.99
FT;1;65.67,35.14,39.09,48.08,77.99,44.05,33.95,42.17,43.34,49.79,34.94,68.79,53.4,78.47,35.27,66.28,107.1,8.85,62.63,72.24
FU;1;56.03,97.92,72.77,23.57,79.79,55.22,89.53,12.74,23.58,45.61,55.28,65.55,70.11,111.86,56.15,19.91,66.65,28.16,75.51,103.37
FV;1;26.74,60.73,63.48,98.43,49.72,45.85,14.33,78.01,41.13,59.1,29.02,69.15,37.36,61.27,23.81,126.0,71.31,60.7,62.94,84.65
FW;1;58.08,24.51,24.15,1.09,47.83,47.65,82.5,66.96,33.83,43.86,60.67,75.71,68.44,85.6,57.36,48.62,46.84,14.54,27.04,99.78
FX;3;125.37,323.41,352.04,126.47,345.35,325.52,283.75,296.36,295.57,320.76,234.19,80.51,260.2,335.61,251.06,374.12,45.17,288.61,79.53,312.28
FY;0;37.64,19.77,25.73,49.37,10.11,27.25,21.25,22.87,26.75,33.27,45.74,42.0,33.93,39.53,31.67,7.33,38.74,30.32,24.38,30.53
FZ;3;8.39,203.51,279.5,275.93,417.07,142.5,342.89,347.48,393.2,226.52,164.99,190.45,249.18,281.54,322.83,89.98,0.69,330.12,362.32,289.93
GA;3;133.65,336.06,323.21,341.87,187.6,200.35,72.13,197.03,332.53,539.36,165.05,203.98,283.79,247.9,232.32,290.34,75.13,335.57,122.58,45.37
GB;3;316.29,73.23,368.75,108.93,295.04,396.11,122.62,422.17,313.93,437.07,366.72,399.1,347.45,372.85,374.39,403.31,283.09,301.39,35.06,201.98
GC;3;252.84,173.65,548.13,242.45,491.21,338.63,42.65,248.95,356.21,194.41,231.62,157.72,160.78,137.82,224.25,109.46,369.27,203.82,28.14,287.59
GD;2;51.59,48.68,56.13,108.6,98.73,213.26,252.47,169.91,89.61,108.8,85.12,50.0,25.68,174.73,46.53,140.36,174.36,83.13,142.35,68.58
GE;0;41.03,9.83,27.0,18.18,37.02,4.18,35.0,39.76,20.02,3.29,17.34,31.94,24.87,5.07,39.11,18.16,38.63,9.05,26.5,18.57
GF;1;39.6,68.07,34.16,60.52,22.6,59.59,74.7,56.61,59.94,57.64,41.83,41.59,16.05,50.77,22.42,57.78,65.03,25.52,33.44,60.86
GG;1;57.18,29.97,35.64,34.02,66.98,61.25,7.47,73.77,101.79,37.84,66.99,76.86,106.95,107.28,94.29,54.0,48.82,63.75,46.91,46.1
GH;1;33.72,96.69,63.95,30.81,84.13,45.92,73.77,11.63,84.4,90.36,108.71,79.87,60.68,21.41,7.05,60.8,75.13,40.89,55.72,26.23
GI;3;184.84,388.78,149.67,363.07,202.49,250.25,12.94,198.56,410.63,430.64,189.26,349.69,354.81,268.96,371.15,350.83,115.1,215.61,277.89,70.85
GJ;1;42.19,4.54,51.5,41.32,27.65,87.86,19.69,93.52,62.81,44.28,69.81,49.4,65.94,61.88,68.17,19.43,47.66,80.67,12.68,110.7
GK;3;538.7,213.64,30.96,204.63,384.53,300.83,390.58,119.9,369.81,426.47,123.92,124.91,52.71,294.53,339.37,250.88,321.92,152.45,28.88,318.15
GL;0;30.21,71.55,45.54,22.99,49.61,24.67,10.51,36.64,29.02,20.95,6.54,22.68,26.54,35.27,21.64,20.03,24.65,22.61,35.25,42.67
GM;0;15.78,28.08,16.89,33.45,37.69,10.89,34.57,27.22,46.17,14.37,13.55,26.92,20.77,31.36,29.07,43.88,18.13,34.5,22.73,10.37
GN;2;92.36,88.24,136.76,154.62,95.81,161.3,113.97,83.22,102.15,91.13,55.6,68.05,74.73,149.99,147.58,37.38,54.41,147.1,127.28,124.81
GO;2;120.66,120.44,97.11,200.37,270.54,130.89,152.65,131.6,169.95,172.04,128.87,122.66,127.89,17.33,142.87,59.25,170.5,95.35,53.78,160.98
GP;0;41.92,1.75,24.7,45.87,52.96,57.93,71.87,26.44,14.3,29.41,52.03,28.36,5.4,18.6,6.41,11.65,39.08,12.95,24.21,30.11
GQ;3;218.8,30.95,228.14,293.29,88.65,444.74,69.24,89.38,553.52,334.99,171.87,308.37,437.05,186.86,348.18,127.17,71.14,363.53,257.22,205.7
GR;1;55.72,47.93,11.64,44.19,59.94,57.06,23.66,22.81,3.36,67.26,50.86,38.71,92.65,24.76,46.52,81.48,39.75,66.32,84.43,64.65
GS;3;423.38,302.53,273.85,324.29,148.16,310.59,280.37,177.42,145.71,128.92,136.23,235.74,353.01,89.39,160.38,182.97,86.08,116.09,277.82,160.7
GT;2;14.02,111.59,115.98,128.19,141.85,133.13,99.37,183.97,161.95,25.92,128.79,149.0,304.5,139.38,148.19,102.68,86.2,106.69,53.09,108.98
GU;0;30.86,18.4,34.65,19.22,31.7,35.18,12.88,13.09,21.69,11.07,1.83,26.95,32.75,11.5,34.89,41.23,12.97,28.74,26.78,28.9
GV;1;65.65,83.22,46.3,78.52,101.79,30.9,87.66,36.11,27.03,45.56,67.99,22.12,96.85,88.4,87.83,12.89,82.8,106.99,57.92,61.86
GW;0;27.05,5.23,29.66,30.61,44.79,44.69,33.52,46.63,17.54,31.86,41.1,30.05,39.0,55.98,26.62,32.54,27.44,59.03,17.61,17.53
GX;2;193.81,93.83,156.21,139.22,26.61,245.07,89.3,69.2,94.27,80.17,172.04,142.85,234.11,53.17,128.55,92.89,181.98,106.29,124.79,124.86
GY;2;100.47,148.14,134.79,163.51,182.98,204.43,95.67,140.44,262.49,176.46,88.32,46.99,89.08,55.11,166.3,119.88,55.48,67.02,156.53,4.76
GZ;3;438.28,385.47,325.98,46.97,245.94,101.95,169.75,268.19,575.35,142.8,348.85,358.46,141.91,510.89,148.39,381.22,335.25,367.21,241.06,234.21
HA;3;153.58,279.55,330.06,200.26,358.77,207.72,333.64,167.39,508.72,368.66,188.06,339.76,208.1,150.04,200.93,174.75,108.27,328.75,177.26,475.56
HB;1;88.36,73.64,83.39,26.47,61.0,53.05,59.32,35.77,6.95,23.13,34.73,35.93,95.96,54.41,64.24,45.04,64.67,62.63,66.68,46.48
HC;1;58.82,69.81,93.72,122.03,57.0,39.83,84.37,8.0,60.68,87.14,63.53,51.12,38.38,84.91,90.26,89.87,57.59,22.99,46.21,63.83
HD;0;8.92,49.7,19.48,31.52,30.22,14.39,22.76,34.06,11.92,22.38,52.41,12.68,42.09,28.25,10.88,52.22,20.79,32.11,42.08,9.1
HE;3;180.79,207.57,202.08,119.22,265.1,95.84,419.27,195.65,261.18,79.62,125.56,555.84,268.51,213.64,540.49,199.52,396.08,237.87,221.11,324.28
HF;0;47.67,60.24,3.76,19.78,21.58,20.01,39.82,30.02,20.91,15.02,27.19,28.33,8.35,32.42,19.96,55.83,13.67,30.4,0.78,32.19
HG;3;331.54,154.88,319.18,242.83,221.39,257.26,15.56,365.81,187.04,155.03,460.14,429.51,183.02,280.38,455.39,133.99,179.7,84.55,318.52,216.67
HH;0;29.17,22.54,30.36,39.6,39.26,28.81,16.57,11.67,50.11,12.49,2.96,24.6,45.53,35.22,26.31,20.39,24.06,24.91,6.51,20.29
HI;0;11.0,26.87,46.45,22.61,25.46,38.49,28.39,33.12,36.41,40.29,42.28,27.51,15.97,30.39,31.15,38.61,25.71,20.56,0.31,21.26
HJ;3;258.33,329.29,320.18,92.97,449.28,530.33,288.58,235.41,255.51,443.59,401.73,597.97,379.93,74.97,300.48,341.27,258.45,142.77,253.71,277.41
HK;3;268.28,649.95,537.27,60.5,385.29,275.84,287.15,481.52,376.77,254.49,366.56,231.43,7.89,333.51,211.5,269.75,73.56,544.62,275.75,149.06
HL;0;24.36,12.11,34.8,38.03,23.89,50.7,19.94,36.85,19.0,36.35,31.91,17.93,20.39,23.32,10.93,47.34,52.81,36.36,26.55,43.9
HM;2;147.46,149.97,42.73,10.17,52.23,197.98,172.53,163.29,105.56,86.28,189.88,158.52,110.36,276.23,201.16,294.12,90.55,105.24,103.29,72.93
HN;1;64.09,37.03,64.78,54.49,53.53,54.91,74.3,53.71,6.04,56.45,93.56,68.97,28.9,100.41,69.31,43.07,48.17,21.95,50.13,77.67
HO;2;82.35,20.14,130.19,102.0,181.43,244.54,194.1,61.33,28.18,208.38,15.12,133.81,118.53,77.88,34.14,112.43,91.7,106.68,138.47,110.32
HP;3;266.31,178.05,250.19,100.22,494.32,474.46,317.7,114.42,114.92,320.09,156.56,499.58,383.38,160.0,73.75,318.62,138.5,252.39,449.88,168.69
HQ;3;428.46,252.6,253.36,164.74,39.98,114.57,95.12,281.59,32.97,121.6,247.03,5.69,454.99,337.98,289.54,260.22,50.0,4.9,258.63,304.86
HR;2;100.19,200.46,114.72,25.5,163.91,44.61,44.15,144.24,205.64,72.56,82.36,86.93,85.69,100.78,171.8,61.48,100.55,104.75,108.36,174.8
HS;3;248.51,255.03,384.81,84.65,135.84,162.64,230.41,317.18,313.45,361.28,382.32,253.63,359.09,297.71,577.35,702.41,244.95,528.34,488.45,331.06
HT;1;103.98,74.56,17.78,49.26,52.28,122.13,58.27,15.48,23.25,43.99,61.91,129.23,78.87,38.11,94.98,70.69,78.56,63.24,85.51,41.15
HU;3;70.17,74.45,268.25,62.7,156.89,332.16,190.46,385.89,224.93,342.21,348.2,425.54,232.57,178.63,432.79,286.22,225.18,104.41,157.0,268.39
HV;2;151.82,8.21,72.94,208.3,14.33,113.54,111.35,111.68,149.69,81.03,94.46,8.02,74.57,208.08,95.18,61.02,140.68,122.91,150.93,163.19
HW;1;107.32,26.42,28.87,140.43,56.11,35.58,45.75,80.57,79.16,47.12,85.98,29.21,45.56,106.2,1.33,77.86,104.08,48.1,10.16,48.67
HX;0;21.47,31.93,44.91,25.37,30.99,19.24,31.18,25.7,19.17,17.88,36.21,24.13,45.81,33.93,42.16,44.27,25.76,22.75,4.05,23.42
HY;1;22.97,96.63,64.89,37.78,33.54,70.02,70.38,36.96,56.63,75.71,67.51,80.21,19.83,50.36,43.38,77.41,69.56,138.72,73.67,93.25
HZ;2;85.06,155.64,118.28,184.81,57.02,217.11,209.58,42.27,196.56,155.19,124.7,247.1,68.39,153.57,1.17,214.56,242.36,218.77,78.71,236.64
IA;0;20.96,18.8,15.53,32.68,22.42,45.29,18.05,26.91,26.72,27.77,15.01,37.85,15.37,45.14,37.21,11.52,6.67,75.08,23.04,22.27
IB;3;209.51,127.49,352.8,223.51,207.55,310.19,151.58,296.35,436.1,95.89,698.34,130.92,352.02,230.57,314.8,214.63,276.88,269.16,484.25,72.78
IC;0;14.07,6.58,16.46,13.04,40.82,45.28,31.54,0.33,21.73,25.48,42.22,13.91,18.23,7.55,30.58,17.02,17.19,34.5,14.71,26.43
ID;0;33.94,8.13,21.9,12.61,47.49,23.44,45.56,49.27,51.65,44.64,34.07,13.5,13.17,46.01,44.36,32.03,10.92,47.63,55.28,41.29
IE;0;24.29,48.84,27.52,20.32,24.09,33.9,44.89,20.4,48.49,9.33,30.82,23.97,51.26,16.54,50.65,15.68,19.13,5.85,29.68,39.73
IF;3;346.94,194.26,386.85,362.09,314.62,397.22,318.84,12.15,527.56,283.39,66.0,23.01,263.7,226.71,261.86,243.32,172.42,94.04,211.19,348.41
IG;3;260.26,259.16,435.72,336.05,311.35,250.98,268.41,523.49,219.59,337.16,264.49,257.99,212.2,227.78,134.51,113.29,270.97,260.07,445.09,302.87
IH;1;70.91,68.19,70.82,23.47,54.15,68.83,113.0,88.49,15.9,41.83,58.45,50.77,72.22,55.71,35.15,27.81,36.62,83.19,104.43,64.87
II;3;356.38,300.02,320.97,235.12,190.69,199.72,142.21,194.84,382.1,198.36,374.28,187.59,371.94,179.75,158.03,218.53,344.69,228.8,261.69,370.43
IJ;3;89.14,146.94,544.39,39.26,168.05,264.61,352.97,207.21,115.54,380.23,185.76,12.63,265.79,287.11,421.87,522.69,127.83,276.31,100.14,234.36
IK;0;33.31,12.89,20.23,19.95,25.03,14.71,36.59,53.64,33.92,36.57,34.65,13.11,28.13,16.42,28.93,16.41,3.22,28.44,3.87,15.73
IL;0;32.74,33.1,43.15,11.58,12.04,41.79,17.72,11.11,25.23,22.77,44.39,4.51,36.95,27.22,30.64,9.9,38.83,28.65,5.78,27.43
IM;2;79.46,120.21,247.12,144.32,122.17,148.92,159.4,72.33,86.9,80.92,82.08,47.69,107.36,139.3,206.9,52.76,135.24,82.45,138.51,194.47
IN;1;19.94,17.44,20.85,82.05,37.95,29.37,38.35,93.26,30.43,56.97,27.6,119.81,84.94,96.71,40.91,15.05,23.14,55.09,32.38,37.09
IO;2;174.95,176.14,140.37,34.6,124.15,57.31,110.23,184.65,203.54,109.21,146.23,9.29,76.97,101.33,43.09,250.25,92.7,187.81,160.46,81.97
IP;0;9.96,12.67,14.48,20.32,37.94,18.68,10.34,27.1,24.32,68.28,16.07,2.01,27.77,23.59,6.76,32.96,23.72,33.83,35.29,9.8
IQ;3;512.52,53.26,424.44,241.47,144.29,148.71,453.07,218.13,212.3,473.15,252.77,302.03,250.68,307.87,433.0,340.04,366.04,145.71,344.62,396.26
IR;1;60.84,91.8,78.21,78.75,46.29,104.47,76.03,93.2,62.65,17.03,120.85,87.06,89.05,10.16,55.81,52.47,69.7,14.11,47.99,78.48
IS;1;80.06,42.7,71.07,65.45,13.73,81.12,37.49,50.11,65.55,79.33,17.3,66.93,79.36,95.34,46.06,88.33,71.79,78.88,39.52,93.07
IT;2;181.27,233.8,116.3,19.27,128.21,200.73,151.79,137.87,125.05,81.77,137.21,43.63,167.3,52.93,175.55,182.32,295.44,150.09,161.9,208.86
IU;2;75.37,74.96,91.97,167.74,181.77,52.82,97.59,81.79,130.2,88.34,144.33,131.12,63.63,178.28,154.85,84.14,204.81,73.53,92.87,31.1
IV;3;396.7,408.05,266.46,165.95,118.03,434.91,383.11,32.95,613.5,382.11,409.47,169.65,65.4,200.07,239.45,427.66,240.86,12.96,220.03,236.49
IW;0;52.73,44.74,35.27,29.6,33.69,29.37,24.15,52.55,21.72,47.79,59.83,0.46,28.44,28.0,52.43,22.43,45.82,28.02,34.07,35.67
IX;1;45.53,50.39,58.32,68.78,53.94,74.85,64.96,59.17,110.21,10.11,68.65,87.13,74.99,40.98,54.39,89.19,48.59,57.57,64.56,31.78
IY;1;59.18,56.95,93.82,77.69,100.97,55.16,107.67,54.29,14.19,80.32,0.93,50.48,22.66,61.81,106.16,98.18,16.3,29.81,76.21,65.0
IZ;2;156.43,75.19,52.0,141.88,162.35,200.04,85.86,70.29,93.39,173.55,148.24,129.13,143.78,8.52,106.96,191.15,198.28,157.45,112.92,204.49
JA;1;78.89,70.0,48.35,33.71,63.5,109.83,76.23,41.17,45.3,57.17,84.58,68.74,54.96,67.46,39.3,92.38,64.5,87.97,68.11,38.38
JB;0;46.94,24.79,12.01,40.64,37.54,25.24,26.74,22.88,59.63,6.03,28.64,8.2,55.06,23.6,21.57,61.24,24.61,39.68,12.82,24.91
JC;3;125.49,252.79,303.44,381.41,331.67,220.48,295.54,94.96,136.29,80.33,268.42,404.41,37.16,356.92,167.66,491.69,217.83,196.21,106.64,505.66
JD;2;66.43,116.6,98.57,6.65,104.01,88.35,160.94,85.93,18.14,148.95,192.28,110.36,179.02,63.03,110.97,129.62,45.22,126.8,106.31,202.48
JE;0;24.93,34.96,35.19,58.52,20.46,37.19,24.9,20.66,16.69,26.37,25.97,32.13,9.25,28.59,24.32,21.17,3.38,11.84,43.1,19.92
JF;2;170.16,165.97,62.56,157.94,135.48,70.04,9.14,108.58,57.54,102.24,130.25,157.97,122.13,141.25,155.74,224.26,52.87,78.06,168.48,141.73
JG;2;113.19,55.49,139.58,172.42,72.78,65.58,34.6,70.62,139.51,115.62,92.18,311.46,173.49,216.89,109.15,101.56,85.68,95.18,219.08,185.67
JH;1;85.5,56.37,57.44,47.88,54.3,93.88,29.62,34.93,35.53,33.9,82.12,44.49,22.79,120.11,68.25,77.71,44.25,44.14,39.78,37.33
JI;0;23.1,35.7,2.16,38.78,51.09,15.94,14.13,32.19,20.25,20.63,23.63,34.17,28.9,34.95,30.73,17.5,36.84,29.75,10.18,29.45
JJ;2;152.59,82.9,101.56,77.29,100.37,162.69,128.25,134.21,205.42,112.92,82.42,131.83,57.34,245.37,100.93,112.38,50.74,217.05,115.21,15.49
JK;3;324.25,460.21,399.78,229.88,308.9,128.27,323.82,496.35,514.62,190.6,106.01,332.83,339.43,370.79,202.83,288.25,513.69,318.5,409.35,350.81
JL;0;28.8,15.58,39.4,17.08,44.21,39.79,33.3,24.67,23.22,6.55,36.18,23.39,40.33,42.35,24.06,22.59,23.59,55.11,19.06,34.08
JM;0;22.21,7.14,32.28,30.65,15.04,37.46,30.3,42.32,29.04,29.19,35.68,23.33,36.24,44.02,16.45,34.36,17.23,27.1,50.86,44.65
JN;0;48.77,20.84,30.71,38.29,15.8,28.31,8.64,52.37,31.91,22.72,51.48,12.94,13.37,11.31,12.33,23.37,3.0,49.75,32.03,25.36
JO;0;14.96,29.13,35.06,42.84,21.63,4.12,33.14,45.94,30.91,22.26,16.9,45.25,15.22,17.41,24.08,12.56,20.94,14.03,10.04,36.29
JP;0;15.26,30.95,43.65,15.44,27.44,23.98,46.81,7.4,11.21,11.65,22.7,15.19,32.75,53.69,29.5,21.64,19.39,16.73,0.47,33.65
JQ;0;59.15,36.65,3.81,2.17,19.51,20.05,21.84,41.04,41.61,27.51,10.31,38.36,10.0,3.94,37.73,29.92,30.21,32.43,14.33,24.27
JR;0;7.03,19.31,20.01,29.22,45.82,4.99,37.25,34.82,17.24,15.59,25.76,12.18,13.88,37.05,26.72,4.76,27.51,46.84,28.38,31.17
JS;2;97.15,176.96,102.41,180.42,95.44,118.93,152.83,95.26,36.78,154.4,79.13,203.31,112.02,124.76,124.74,29.29,217.03,66.43,167.82,21.97
JT;2;169.8,30.0,155.64,131.43,47.83,184.77,151.51,180.59,165.58,101.94,34.64,121.88,92.06,170.79,158.38,68.57,179.1,20.07,63.47,139.65
JU;3;191.34,311.12,121.35,300.12,66.13,163.3,277.84,380.78,123.53,297.01,137.18,186.1,382.35,297.68,101.9,358.48,203.45,29.38,172.79,29.8
JV;2;118.64,26.91,94.15,89.97,201.99,80.89,98.02,151.89,165.41,171.74,150.18,31.68,134.24,98.08,99.24,145.72,107.86,140.61,115.09,134.07
JW;3;176.73,57.71,486.89,223.59,445.92,266.07,181.1,45.9,338.43,348.51,356.58,54.66,191.52,50.4,168.64,287.97,369.02,235.89,402.08,469.51
JX;3;223.51,75.21,322.63,98.52,182.13,92.3,66.18,238.32,414.59,82.59,554.57,108.82,452.34,404.98,413.96,130.48,456.31,251.61,123.04,99.24
JY;0;29.5,13.31,1.1,23.76,29.99,0.59,22.36,16.87,19.73,56.69,22.4,16.08,13.54,27.9,15.72,17.9,31.34,6.91,18.81,27.91
JZ;3;163.46,223.27,2.0,420.38,8.91,202.84,209.52,159.76,450.2,264.35,248.81,252.51,212.4,127.34,464.76,247.77,392.61,320.66,208.27,329.18
KA;2;223.72,127.07,113.39,146.08,117.36,52.61,189.73,35.95,24.09,51.06,14.02,21.03,110.08,134.75,117.23,72.46,65.32,100.24,246.33,107.27
KB;1;85.83,42.36,68.52,22.17,32.17,59.51,64.1,54.23,0.28,77.77,115.13,41.93,66.23,90.09,75.83,65.25,41.31,92.24,54.37,70.52
KC;0;44.86,41.52,4.66,49.13,27.26,34.51,16.18,21.27,34.85,25.8,36.06,39.82,25.44,35.07,28.41,44.68,43.0,33.8,43.62,9.7
KD;3;284.42,484.57,273.22,496.28,262.85,311.08,213.97,417.66,128.03,364.81,349.48,422.55,78.11,46.36,115.58,240.22,336.53,204.41,315.67,366.52
KE;0;27.75,29.72,32.33,10.21,7.1,47.5,19.83,37.75,41.5,27.29,18.5,13.26,7.3,14.57,24.45,11.37,44.09,31.77,24.49,44.76
KF;2;205.16,29.26,168.57,75.52,25.77,179.1,105.81,39.6,140.57,148.55,64.3,130.76,76.72,152.95,105.94,186.58,174.12,157.78,220.25,85.25
KG;0;16.02,52.05,18.13,21.51,33.27,18.78,47.67,24.32,23.35,28.95,4.98,33.82,5.82,34.54,10.65,3.71,25.6,34.2,12.5,12.2
KH;3;301.09,282.47,118.58,259.67,67.5,295.75,148.4,220.19,147.18,397.47,207.1,334.76,245.46,413.62,513.79,221.84,264.51,165.16,299.38,362.2
KI;3;435.93,411.1,117.47,97.29,112.14,192.08,247.39,45.16,226.01,253.76,541.8,198.1,311.94,187.39,60.71,306.68,266.18,610.63,235.1,137.59
KJ;3;146.22,322.48,341.54,72.22,235.63,351.62,108.85,398.04,297.54,330.06,31.3,244.89,390.92,179.33,302.56,140.09,351.17,531.21,337.38,217.4
KK;0;31.43,41.49,24.68,34.06,39.29,4.12,36.82,38.56,2.29,22.66,31.16,23.86,17.74,23.69,20.2,5.18,26.96,52.59,16.03,39.08
KL;3;57.53,56.2,260.91,311.42,330.36,181.29,278.38,495.73,214.06,234.14,467.03,395.48,162.61,31.93,253.99,280.87,320.5,195.81,180.35,264.63
KM;3;96.39,114.7,275.52,191.69,284.65,343.85,366.92,341.7,445.52,507.76,171.65,159.26,232.51,300.53,83.85,123.41,272.89,279.8,241.98,388.99
KN;1;108.23,51.97,62.76,84.61,51.59,53.04,58.98,85.82,101.96,61.63,63.26,61.32,12.23,51.78,66.06,89.76,94.82,52.37,94.35,100.88
KO;2;157.12,58.62,90.44,156.57,144.4,180.41,79.25,238.68,167.37,115.26,70.14,66.87,173.97,192.98,64.46,191.93,76.55,71.89,93.72,141.54
KP;1;30.56,69.8,58.38,76.78,72.41,38.95,69.42,88.17,14.95,29.7,19.37,46.4,54.61,8.57,88.12,59.01,60.08,57.41,14.18,60.02
KQ;3;107.36,187.74,417.55,168.32,676.09,216.24,403.94,249.19,50.69,45.96,288.95,309.28,147.05,268.71,382.03,646.29,208.05,149.35,329.49,464.23
KR;1;78.96,94.76,49.3,96.37,34.36,101.46,82.42,147.57,31.63,73.65,42.36,58.55,49.14,34.25,39.22,76.74,61.59,107.58,103.88,53.85
KS;1;51.81,68.76,46.46,15.11,35.81,28.51,111.47,61.08,97.71,47.15,41.51,77.25,10.39,77.77,56.08,76.95,34.34,58.06,45.95,120.07
KT;3;195.99,226.28,378.53,268.76,155.5,181.72,338.54,222.97,361.84,355.13,366.35,361.01,143.4,34.5,291.91,317.21,302.48,453.8,241.52,344.15
KU;2;123.12,170.64,54.35,128.42,166.08,66.26,84.94,91.89,49.67,117.03,138.0,105.25,20.15,115.76,133.1,84.79,160.95,97.44,191.1,137.8
KV;1;32.45,75.47,91.92,94.38,51.04,81.49,40.34,48.43,173.41,49.05,60.61,68.44,70.64,86.07,44.31,60.89,27.13,32.87,67.86,113.37
KW;1;22.14,77.88,17.28,79.92,88.7,28.3,27.88,15.17,79.35,69.91,14.05,45.89,135.22,53.29,49.97,66.58,82.19,58.31,89.14,68.03
KX;2;5.52,148.41,81.65,109.99,202.84,206.79,144.65,21.92,31.25,26.36,119.47,185.2,100.61,191.76,26.8,43.85,56.34,255.18,97.94,105.38
KY;0;21.58,27.33,36.6,31.64,29.69,70.54,18.63,36.67,46.5,49.54,34.66,9.95,53.63,11.46,23.95,19.45,15.98,3.38,14.82,33.11
KZ;3;379.85,88.91,234.62,257.4,304.32,101.76,290.74,228.48,259.34,306.28,160.51,212.15,147.19,244.49,195.29,393.68,378.81,325.62,88.62,280.74
LA;3;281.37,128.25,63.27,451.11,300.89,210.77,340.26,148.1,167.96,190.9,244.22,214.02,342.27,410.1,129.06,295.46,264.05,234.19,457.23,291.2
LB;1;56.24,16.38,46.36,80.08,67.58,99.29,52.53,61.52,29.52,65.01,56.93,30.35,80.08,16.76,77.26,5.24,67.82,46.46,41.06,66.57
LC;3;140.42,314.04,266.59,163.51,321.24,183.15,287.85,329.09,51.41,365.4,357.43,272.57,476.54,229.35,354.39,216.46,416.07,249.56,310.59,391.81
LD;2;283.83,121.27,1.94,35.28,104.81,16.89,57.08,160.28,151.59,64.6,66.72,124.14,111.38,204.56,17.35,204.59,28.73,125.9,118.27,94.16
LE;2;70.21,155.34,99.64,52.1,129.23,191.24,297.19,17.88,47.21,22.81,4.3,141.07,211.99,83.74,6.3,183.53,33.85,227.91,101.7,178.2
LF;2;92.49,34.96,66.06,161.74,58.44,198.05,48.55,162.27,197.11,90.47,107.99,237.34,101.62,137.09,96.24,77.59,107.74,97.12,126.97,165.92
LG;1;89.24,71.89,94.95,118.29,38.64,39.34,51.65,15.16,64.24,39.05,49.08,34.31,110.21,57.77,55.02,50.0,12.12,27.97,98.67,36.25
LH;0;21.78,13.32,33.88,19.87,23.33,57.2,18.18,35.69,9.35,28.79,38.15,1.31,13.21,42.1,19.77,27.85,48.82,40.71,4.97,22.74
LI;2;122.83,104.99,99.24,200.24,104.16,16.32,175.49,97.9,96.91,126.18,133.1,79.45,144.32,84.04,131.42,108.1,111.31,142.16,101.3,54.54
LJ;3;115.23,359.78,159.54,182.69,305.17,414.25,409.35,47.3,189.52,342.61,325.51,93.88,385.57,11.08,61.81,218.1,481.42,341.65,78.67,180.29
LK;3;178.74,334.57,706.3,636.72,348.79,194.44,279.39,335.24,357.83,203.55,195.76,192.88,354.56,305.19,165.23,251.99,340.98,229.02,427.07,178.5
LL;3;236.43,222.99,344.09,399.5,356.32,26.79,258.49,280.81,163.05,167.89,277.25,3.87,269.33,200.78,169.62,517.9,360.41,223.98,247.03,374.67
LM;2;99.57,140.28,122.12,133.34,85.78,181.28,197.11,88.94,91.71,159.13,149.86,35.68,181.87,247.99,72.79,267.51,152.84,108.3,132.05,135.51
LN;2;152.36,135.95,37.71,196.33,44.63,31.29,69.67,168.63,55.34,65.43,164.4,200.24,223.8,144.96,15.32,135.8,69.8,126.7,105.5,88.89
LO;3;328.29,222.94,385.52,284.37,312.34,133.86,75.24,330.67,352.26,151.92,115.93,323.83,214.7,329.04,209.92,210.74,397.43,470.07,318.82,139.17
LP;2;156.72,64.54,156.6,173.97,95.56,39.79,13.58,67.63,90.85,47.26,223.81,205.12,11.57,40.3,91.76,150.25,23.05,79.68,143.47,16.91
LQ;1;20.55,67.06,45.88,34.34,66.61,49.17,54.25,31.81,29.5,63.9,37.22,69.9,21.51,56.29,89.64,69.18,46.17,67.05,101.29,22.84
LR;1;87.66,29.99,65.17,18.43,55.76,100.24,29.28,29.54,80.78,85.32,52.92,53.67,25.67,48.39,58.35,109.36,72.75,81.95,44.38,78.42
LS;0;21.47,22.82,11.21,22.38,32.27,24.13,25.6,34.66,31.37,28.18,37.27,33.2,1.45,47.55,41.28,49.81,13.08,21.44,30.49,23.32
LT;1;90.07,38.41,78.54,34.85,80.54,96.89,22.27,61.43,73.35,43.26,65.54,74.22,90.83,30.67,111.12,50.96,33.02,48.44,79.93,13.71
LU;0;18.37,42.88,39.24,4.67,32.77,7.59,8.72,53.6,20.12,48.79,20.21,41.93,12.94,24.04,8.48,28.18,19.76,54.95,12.86,18.39
LV;0;27.59,24.69,40.62,19.06,16.05,28.0,32.95,16.53,34.93,40.94,50.46,0.83,34.95,46.45,24.34,36.66,32.99,33.13,37.82,20.49
LW;0;37.33,16.06,52.77,12.66,24.01,17.45,56.68,16.19,9.3,22.06,19.63,1.01,18.82,32.98,39.44,10.47,39.91,9.6,34.41,31.94
LX;3;301.42,36.85,146.87,211.06,197.02,403.89,367.51,321.39,505.61,129.09,403.75,480.28,546.46,125.14,199.88,80.86,453.79,197.86,491.69,193.13
LY;3;339.8,295.44,289.43,271.93,266.15,347.92,316.09,191.79,455.91,372.53,369.17,543.59,77.04,176.45,399.15,345.28,379.87,314.92,162.76,413.76
LZ;0;18.18,32.15,41.69,22.31,27.79,31.5,37.99,34.91,2.06,25.35,28.69,40.5,42.69,56.65,28.48,44.06,3.81,2.6,45.3,15.72
MA;1;36.99,88.06,44.7,81.49,63.05,116.87,39.01,70.43,17.43,47.2,59.15,32.24,92.87,68.23,57.21,59.86,84.6,57.19,41.48,71.21
MB;2;12.8,34.98,58.92,134.64,229.73,172.97,84.87,131.96,36.72,99.19,189.29,152.63,45.09,36.62,97.16,99.8,17.32,81.66,118.85,40.9
MC;2;19.64,120.47,122.84,126.32,159.58,73.36,49.41,142.42,30.65,88.93,130.9,86.5,83.35,172.02,78.14,166.93,82.49,155.82,77.43,149.99
MD;0;21.56,24.07,18.82,19.68,33.12,15.2,16.59,22.39,15.34,32.52,39.86,23.73,8.77,31.95,18.21,31.47,25.72,10.92,27.34,48.8
ME;2;57.13,145.0,63.69,261.46,99.96,87.67,77.74,118.98,68.28,225.85,103.04,61.32,67.03,198.36,104.58,70.3,82.8,71.83,218.24,40.81
MF;1;9.86,57.03,59.18,68.17,31.78,112.12,97.2,20.58,73.43,54.6,12.23,18.42,127.27,46.01,50.94,4.63,8.09,96.97,39.58,58.74
MG;1;67.8,86.25,66.9,85.27,44.05,35.1,100.33,79.06,52.23,61.3,99.03,72.68,46.4,59.99,34.42,85.25,88.9,8.93,27.2,67.0
MH;2;106.95,201.04,69.5,46.85,153.56,234.73,140.66,25.42,155.44,103.13,64.46,196.48,239.71,209.09,47.48,169.46,104.89,32.82,148.79,24.32
MI;1;40.74,28.19,89.88,154.42,57.72,57.13,88.73,57.67,65.76,86.79,81.4,50.29,71.33,95.39,39.02,6.65,52.64,60.72,56.15,59.88
MJ;0;23.01,38.14,19.51,30.0,38.78,17.73,34.89,2.46,40.43,39.75,24.7,22.78,20.17,18.15,32.46,25.26,11.77,16.71,28.48,39.86
MK;1;74.07,162.26,25.23,39.27,28.47,2.77,56.13,64.74,87.34,60.03,76.15,57.51,103.76,76.33,1.98,75.57,43.76,44.58,75.75,61.43
ML;0;26.61,44.95,22.25,24.36,25.01,21.06,27.97,30.74,19.82,20.23,29.47,36.48,1.24,39.31,16.71,25.1,33.87,45.87,33.87,12.74
MM;2;58.39,105.74,117.96,44.42,76.27,111.71,97.55,137.41,49.7,1.65,148.71,134.98,85.16,25.03,61.67,129.64,43.99,120.1,117.6,95.42
MN;3;534.02,535.01,247.39,457.75,173.15,123.04,534.06,131.51,171.88,331.6,440.08,226.02,410.2,281.82,11.53,161.3,104.43,184.3,347.68,242.32
MO;3;317.32,492.18,212.59,287.94,123.4,15.85,28.55,97.25,290.42,69.4,389.51,102.46,385.49,401.97,325.67,317.08,164.44,244.48,481.21,237.39
MP;0;24.12,41.11,17.3,5.94,27.19,27.01,11.84,34.61,14.86,18.96,30.4,24.64,31.87,32.98,41.32,37.18,9.77,14.58,27.94,5.6
MQ;3;146.36,212.04,391.44,577.26,296.58,362.12,406.3,37.9,203.8,331.42,378.93,482.88,109.84,365.33,507.21,486.66,398.77,239.35,24.55,336.17
MR;0;26.79,7.85,40.24,28.94,36.1,19.34,22.62,6.45,38.68,21.57,39.87,26.06,4.61,32.55,38.0,19.51,17.97,16.92,41.93,14.03
MS;1;95.24,1.57,33.04,72.22,53.6,58.98,114.89,43.7,74.88,74.08,82.46,73.48,63.69,72.45,86.66,111.59,128.83,19.1,52.07,56.2
MT;2;154.8,91.53,146.49,91.82,119.07,47.93,128.8,66.55,146.06,14.04,147.97,78.05,94.33,50.78,218.67,92.4,230.23,194.75,142.52,146.92
MU;1;76.71,53.14,27.43,56.42,92.18,24.28,104.37,4.13,46.89,45.59,25.41,71.76,20.62,43.29,46.93,71.3,68.61,66.04,44.4,94.22
MV;2;132.03,151.71,164.47,78.33,101.85,116.02,87.08,124.73,167.22,156.51,202.35,120.28,206.05,49.47,144.54,179.19,131.45,150.64,214.38,105.16
MW;2;190.24,36.1,217.4,111.0,116.67,238.63,50.17,85.11,225.76,101.3,55.51,65.66,118.29,217.19,111.53,62.52,45.44,107.43,159.59,176.49
MX;3;188.09,356.53,608.74,249.25,253.54,30.58,42.63,270.07,233.49,272.29,148.97,309.87,153.21,295.2,382.95,212.63,385.88,180.06,262.93,167.18
MY;1;59.4,38.01,68.54,79.2,62.54,83.7,57.85,28.09,45.82,59.01,58.99,34.58,74.97,42.96,37.66,17.79,60.77,66.31,80.66,29.11
MZ;2;47.33,0.66,227.3,98.79,35.75,202.42,181.77,65.58,136.8,96.42,104.19,115.86,105.64,37.23,108.55,14.68,179.01,66.5,128.11,151.21
NA;2;164.44,47.42,57.91,62.66,77.33,216.96,139.98,119.54,203.6,80.81,93.24,192.66,177.57,167.01,15.35,112.58,81.77,209.17,186.38,127.63
NB;3;100.91,194.92,129.43,336.31,206.55,113.76,259.76,427.92,221.64,257.43,300.58,15.72,401.09,172.32,154.2,167.3,242.64,255.09,271.79,216.47
NC;0;4.34,30.57,16.36,20.98,36.09,46.51,23.75,35.45,21.31,12.24,29.88,21.53,25.91,34.92,30.06,23.65,4.59,6.68,29.62,33.22
ND;1;28.08,90.05,8.45,52.1,48.81,30.55,41.13,10.74,60.61,64.19,44.48,80.84,117.2,76.1,54.85,51.77,33.9,35.71,93.17,67.81
NE;2;79.0,96.73,84.21,168.97,172.91,117.21,86.29,86.05,111.25,81.38,109.89,168.4,10.9,53.33,159.98,80.22,227.95,171.79,78.93,105.75
NF;1;68.97,85.67,6.96,86.19,57.31,59.14,66.92,51.1,85.12,56.14,37.54,19.58,50.87,56.25,8.16,64.2,61.11,83.73,98.95,76.32
NG;3;328.31,211.36,93.08,244.77,471.06,7.97,295.14,176.6,120.17,184.93,149.52,357.51,26.41,65.81,288.15,279.04,129.48,359.92,314.96,234.23
NH;1;83.27,44.7,66.43,27.36,47.59,53.01,153.82,73.02,29.9,77.07,26.94,49.39,25.83,77.4,34.56,40.8,62.98,90.24,49.03,26.9
NI;2;148.21,32.26,88.83,78.93,183.56,78.74,112.27,185.62,159.49,12.93,257.62,6.01,96.43,193.09,97.78,89.99,147.75,78.14,84.85,92.31
NJ;1;68.55,67.22,15.84,65.29,44.63,3.01,39.79,129.16,50.14,48.46,23.41,61.8,55.91,69.78,25.77,32.41,93.88,100.95,59.85,63.61
NK;0;23.51,13.47,16.47,26.59,37.01,18.25,16.21,32.81,33.84,51.96,30.97,39.05,54.96,24.61,7.62,35.07,29.05,40.45,12.29,3.61
NL;2;256.22,206.96,86.31,175.73,44.0,213.69,104.28,224.9,120.19,216.19,88.26,237.48,129.17,22.4,161.68,157.27,106.45,42.93,99.45,76.25
NM;1;67.84,90.28,57.17,76.38,44.48,60.54,62.19,62.89,67.01,65.11,46.33,51.73,51.8,64.36,139.87,57.34,45.87,113.25,98.75,44.69
NN;0;3.97,16.99,46.38,6.64,18.99,19.69,11.77,26.83,17.7,38.7,39.72,43.57,53.94,31.69,16.28,26.88,3.16,54.92,39.34,18.52
NO;0;17.81,27.25,9.04,22.06,27.29,14.08,25.18,9.36,28.71,23.01,24.82,20.23,7.17,18.54,15.72,25.38,33.76,11.27,27.06,22.96
NP;1;60.44,2.79,16.19,77.64,89.59,43.68,43.08,40.68,103.91,85.76,77.14,17.56,83.21,70.27,57.53,84.74,47.06,51.09,20.23,74.3
NQ;3;307.7,269.68,546.63,432.56,289.77,371.12,409.16,294.1,88.87,208.55,119.77,207.41,206.01,492.07,127.77,443.81,215.17,120.75,171.72,170.65
NR;0;22.99,32.82,6.66,25.86,39.69,10.69,13.87,7.62,18.37,29.22,20.65,17.02,35.15,23.02,35.44,33.86,35.99,30.77,19.55,21.94
NS;0;28.0,19.91,27.74,20.6,30.62,38.01,20.88,20.7,4.27,18.43,10.11,12.35,26.83,20.82,24.51,21.11,29.16,3.71,27.0,32.09
NT;2;160.99,161.34,74.86,154.79,148.22,38.19,98.34,47.16,135.22,96.0,67.77,79.65,105.59,268.19,224.82,0.63,101.96,209.92,125.77,128.84
NU;3;140.78,110.04,34.5,39.33,123.53,384.95,89.9,154.13,268.28,291.34,218.07,151.94,339.58,346.34,529.33,204.36,224.89,122.49,127.98,385.83
NV;1;107.27,19.97,60.67,57.25,101.32,66.58,94.69,50.84,37.46,44.2,47.83,83.6,45.98,107.1,18.35,89.25,71.73,90.26,33.58,57.2
NW;2;200.37,36.55,18.47,137.27,43.9,148.53,53.3,82.77,127.03,50.35,99.18,117.76,175.42,103.05,25.45,305.7,63.63,196.37,137.59,159.75
NX;2;57.17,124.6,117.69,247.23,88.56,5.58,50.23,115.2,28.92,85.76,99.69,154.31,117.67,59.78,113.25,145.97,117.34,107.92,100.57,4.79
NY;2;75.29,28.35,142.62,99.41,58.71,172.29,66.69,137.91,182.4,183.98,74.81,163.25,89.0,188.06,70.01,130.43,151.21,194.83,180.64,62.15
NZ;1;49.09,18.4,55.87,38.17,49.57,13.29,30.36,49.59,35.23,75.93,117.03,60.57,95.1,22.78,35.28,31.87,49.74,84.99,106.02,37.31
OA;2;95.84,159.69,177.74,124.15,193.64,84.01,65.6,88.06,109.94,195.4,53.48,63.25,211.52,123.89,106.56,116.89,54.13,53.71,48.23,108.1
OB;2;198.81,163.09,70.41,96.87,79.22,38.17,149.79,155.12,91.89,90.4,54.05,101.25,256.88,168.09,90.28,142.23,186.87,152.17,106.17,1.7
OC;2;89.71,184.85,251.83,163.26,251.85,148.92,75.75,81.83,146.21,199.0,54.0,60.0,51.0,133.04,166.84,237.08,152.87,50.44,45.25,50.67
OD;2;195.87,116.1,67.2,184.67,135.23,163.56,178.29,211.55,3.09,90.21,131.34,180.11,162.84,61.37,162.59,65.8,94.2,10.41,130.74,84.44
OE;1;28.77,107.68,53.01,80.15,51.38,132.45,61.7,103.12,44.36,44.71,64.4,14.32,17.25,43.73,41.28,5.28,78.88,52.26,55.46,43.01
OF;3;125.22,93.37,229.17,332.12,174.41,267.06,397.98,8.49,263.47,236.02,410.08,179.75,409.93,376.39,315.77,179.9,199.04,304.56,229.86,150.94
OG;1;61.91,82.26,88.42,68.14,106.38,54.35,61.18,79.89,98.81,92.91,109.65,33.97,96.19,71.22,63.44,123.94,65.24,33.49,79.91,67.98
OH;3;128.26,235.31,299.63,256.25,464.15,255.56,204.82,252.34,37.39,392.86,230.74,494.74,232.17,316.89,485.03,223.8,291.74,246.75,146.66,139.86
OI;3;158.97,553.29,168.9,247.21,195.21,239.39,112.35,356.61,444.2,147.48,49.77,192.45,206.63,474.8,443.96,204.36,369.25,131.35,322.34,81.22
OJ;3;185.15,234.73,480.56,326.77,177.83,207.72,317.21,197.7,209.23,201.76,309.37,307.66,302.97,63.93,254.79,158.45,370.59,409.51,277.82,182.05
OK;1;48.61,131.45,86.96,108.01,15.9,85.24,82.11,24.35,62.32,82.55,49.52,59.07,74.32,53.26,31.11,106.06,88.34,28.89,52.31,59.58
OL;1;118.2,44.26,55.37,100.37,30.16,65.26,74.65,36.12,111.37,73.84,155.78,95.5,38.22,23.8,57.83,67.8,56.02,79.17,151.97,64.15
OM;0;41.41,30.26,12.4,31.99,26.52,47.28,54.0,29.64,14.9,31.48,12.24,30.7,12.31,24.2,32.2,25.97,4.42,41.61,41.63,31.69
ON;0;47.49,17.17,16.65,24.99,27.29,7.9,21.24,4.86,41.14,15.8,30.81,54.79,39.53,11.95,34.25,42.94,44.68,18.0,25.6,31.65
OO;1;48.75,87.15,59.21,71.53,12.87,38.54,62.22,25.44,60.94,12.36,22.57,51.21,112.89,41.57,39.83,130.3,76.4,22.54,56.49,88.12
OP;3;297.63,303.29,285.59,180.68,350.92,143.38,431.3,130.57,26.89,127.85,425.81,165.6,240.74,293.74,361.75,281.49,212.69,111.2,232.17,486.38
OQ;2;73.32,129.24,154.47,202.15,138.02,120.97,159.79,130.19,135.02,150.89,163.1,163.56,128.57,173.81,49.83,75.72,98.11,56.52,198.76,103.51
OR;3;283.57,357.27,24.51,319.7,258.89,337.77,84.77,204.8,307.66,279.76,346.17,366.93,505.17,228.31,122.2,253.29,365.53,191.59,134.56,324.5
OS;3;114.76,498.46,109.51,541.62,231.63,369.21,355.04,281.51,276.66,260.89,373.48,339.29,187.22,156.91,364.67,188.86,257.37,391.08,361.8,236.49
OT;2;107.46,120.84,106.92,140.77,85.01,146.31,219.77,90.81,144.11,187.1,123.2,97.51,44.32,84.37,69.54,42.94,210.92,21.24,103.34,90.96
OU;1;16.76,69.01,42.06,92.64,58.33,42.39,58.87,1.88,95.46,81.22,43.24,4.97,70.91,46.13,60.74,40.7,84.11,27.95,50.17,33.68
OV;3;270.27,26.51,348.39,153.47,570.73,53.28,294.28,1.2,249.62,372.6,189.17,190.17,324.05,342.33,274.91,105.24,406.91,358.46,221.62,288.94
OW;2;149.11,104.84,92.61,26.05,58.47,118.08,121.08,80.54,99.51,126.18,6.01,112.84,93.2,91.56,161.53,38.6,89.95,95.87,233.26,136.45
OX;2;139.66,90.76,161.88,81.42,163.47,132.88,22.44,96.78,147.29,94.3,139.99,86.41,219.37,193.59,139.65,95.44,75.9,17.69,126.62,140.74
OY;2;113.21,47.16,14.31,80.25,147.48,71.55,101.52,137.21,137.37,274.3,61.71,39.81,108.78,135.43,164.44,91.97,208.57,144.09,65.13,252.61
OZ;2;111.23,102.51,77.51,159.88,179.66,152.51,19.98,244.88,111.46,89.6,115.11,38.18,126.75,131.86,39.7,72.08,195.35,185.6,95.26,124.46
PA;3;105.25,72.98,273.77,103.49,254.37,180.71,368.7,96.75,216.34,66.74,186.81,74.74,330.94,284.54,127.55,159.76,211.68,138.74,70.98,362.95
PB;0;34.84,29.26,18.57,15.35,17.43,30.45,39.39,26.26,31.6,18.81,59.49,6.79,44.04,29.08,28.18,37.74,24.87,12.73,16.55,33.24
PC;1;1.85,72.14,70.66,72.03,60.22,39.37,52.17,69.72,92.67,66.92,44.22,38.9,127.08,30.79,38.41,15.25,23.14,83.82,84.37,66.47
PD;0;24.17,15.76,19.65,44.86,16.79,35.86,30.08,29.57,19.34,25.7,24.28,32.9,22.47,13.25,3.42,17.32,30.25,33.89,27.75,17.13
PE;3;269.8,376.32,370.56,282.9,555.27,390.68,465.99,339.29,203.59,9.5,17.2,212.24,413.27,227.29,259.7,242.64,297.91,401.76,54.33,193.99
PF;3;284.27,34.77,387.87,284.7,263.51,310.79,338.85,11.59,291.19,15.18,291.32,312.52,259.32,245.75,535.96,61.44,132.08,387.3,23.78,103.82
PG;1;60.06,13.16,68.67,74.6,60.31,82.63,52.11,92.22,6.68,80.92,124.14,38.56,14.45,44.05,47.78,56.93,44.48,67.31,44.12,55.85
PH;3;237.5,335.36,595.44,129.47,217.47,153.32,414.69,221.73,212.95,280.4,464.89,73.81,346.43,100.57,53.27,129.86,2.09,93.4,142.55,155.75
PI;1;37.41,106.79,85.14,12.81,32.96,64.5,71.3,68.58,72.76,35.04,58.56,45.2,56.81,70.92,83.43,53.42,80.98,12.9,69.13,90.75
PJ;1;52.98,1.19,66.38,70.5,15.92,1.73,2.08,9.91,44.61,136.55,59.95,81.8,52.79,100.36,80.62,57.11,21.79,62.83,30.98,37.8
PK;1;54.96,94.88,43.97,35.85,116.08,62.02,0.2,23.56,57.77,82.64,93.15,36.18,99.85,24.32,91.06,16.01,21.81,55.34,86.3,71.0
PL;0;38.2,30.6,25.92,32.82,22.71,18.57,37.27,45.74,25.75,38.25,21.49,30.1,19.97,10.37,22.45,37.98,35.94,27.3,31.05,36.86
PM;0;31.4,31.02,33.95,12.16,22.66,35.68,38.12,43.5,19.49,26.69,27.0,28.97,19.11,30.28,19.23,16.76,34.34,37.8,33.9,39.14
PN;0;21.83,35.76,37.65,36.14,36.63,26.43,15.36,21.19,40.3,15.74,31.2,37.44,6.58,12.77,29.02,22.23,35.53,49.87,42.15,28.66
PO;1;52.02,26.32,42.51,24.44,1.7,106.13,104.31,89.55,89.62,34.46,50.92,68.16,42.11,71.97,21.25,59.93,50.6,25.1,69.17,63.58
PP;0;19.9,65.72,26.85,28.94,38.67,31.04,59.33,58.87,0.24,40.11,31.72,18.85,22.22,26.79,36.93,31.5,38.69,31.66,6.88,14.84
PQ;2;98.14,154.15,141.66,125.22,16.55,51.05,101.87,68.44,159.21,59.16,79.99,37.96,172.46,183.55,168.01,181.72,127.73,103.66,160.4,145.88
PR;0;6.81,20.43,17.3,50.37,26.39,49.3,26.44,29.56,25.39,17.44,21.61,19.67,7.49,12.93,28.44,29.31,4.86,38.83,27.12,11.88
PS;2;66.37,145.84,180.97,81.16,94.47,205.34,63.2,75.18,147.51,12.07,92.72,136.26,105.7,46.71,140.56,140.73,161.88,0.17,75.98,69.61
PT;2;46.89,189.63,120.84,114.0,120.17,198.45,168.08,96.12,126.16,32.07,178.11,204.87,138.48,146.28,169.28,153.1,110.41,143.33,142.11,217.89
PU;1;72.94,21.85,8.78,39.09,23.29,123.7,50.09,53.72,35.81,59.9,59.22,54.77,61.47,44.82,30.63,124.88,56.11,103.66,77.33,110.12
PV;2;151.74,102.28,157.49,118.35,189.47,62.48,133.02,107.16,201.92,124.12,148.46,114.4,160.27,158.45,87.92,200.77,117.2,94.94,204.8,63.3
PW;1;35.78,56.64,63.14,61.8,52.68,54.14,64.43,45.01,80.98,111.2,10.65,131.73,41.8,53.71,24.6,89.58,20.64,4.0,14.4,88.21
PX;0;32.3,23.28,36.84,22.37,47.09,16.35,32.8,24.23,37.05,29.58,39.26,29.03,11.85,34.67,40.71,37.08,29.45,27.82,27.25,13.4
PY;1;72.95,66.56,59.97,56.87,80.2,90.52,61.26,116.21,100.01,50.49,116.25,42.67,72.84,59.02,2.4,79.78,23.73,79.47,91.92,55.43
PZ;2;119.33,62.97,33.81,76.14,98.45,69.53,151.77,147.43,60.4,143.93,120.91,121.49,75.44,37.49,75.03,129.32,64.59,155.73,82.9,96.04
QA;0;29.58,17.25,11.35,36.94,11.42,36.38,24.33,15.29,59.75,39.2,19.75,27.4,24.04,20.45,37.52,28.64,38.48,36.42,1.78,44.76
QB;1;74.14,48.41,71.56,44.64,79.67,75.27,71.86,42.32,67.17,73.26,35.67,95.41,44.77,71.21,12.96,79.94,46.99,37.75,64.51,70.0
QC;2;66.16,62.49,75.9,172.67,200.89,54.78,64.27,116.4,102.41,195.61,110.97,76.07,93.09,179.38,173.12,31.28,84.63,179.73,173.24,90.25
QD;2;65.96,207.28,123.96,251.0,8.36,88.37,36.81,154.3,188.46,103.19,238.15,233.93,195.61,35.27,106.72,263.02,74.56,78.54,198.13,125.87
QE;3;622.54,90.08,597.93,31.6,140.39,100.62,218.42,663.76,205.24,298.01,225.76,267.25,166.0,323.19,314.97,323.42,218.81,477.37,273.03,239.49
QF;0;16.48,41.37,10.53,37.56,37.07,8.26,67.14,27.93,30.66,1.32,20.72,9.28,19.54,29.44,26.9,11.52,17.85,4.71,38.47,18.34
QG;2;79.47,100.63,136.94,194.0,23.44,82.38,278.33,41.6,136.63,129.36,147.09,163.68,53.35,141.46,176.54,82.21,130.34,109.52,92.53,63.21
QH;0;28.81,29.63,16.72,43.7,18.8,31.35,42.34,14.83,27.52,24.76,26.94,48.29,8.75,36.4,11.07,18.28,53.97,42.17,41.78,29.41
QI;2;97.11,71.82,173.45,145.12,223.64,148.1,29.86,43.08,281.91,24.78,161.62,85.93,15.21,112.25,38.44,122.97,94.64,103.67,106.98,57.2
QJ;1;15.34,53.63,29.91,25.75,78.74,95.37,29.86,69.26,5.73,22.72,98.74,108.41,32.5,38.03,54.5,78.91,77.46,90.0,59.33,105.51
QK;0;8.69,30.79,13.07,8.97,29.93,24.66,19.14,3.16,36.51,25.17,15.07,8.32,36.88,26.67,21.98,26.36,31.61,5.28,37.34,25.18
QL;1;64.1,94.62,51.49,109.07,33.69,46.23,37.47,71.5,107.47,80.27,8.89,124.66,74.28,42.2,24.42,87.01,4.36,31.43,48.8,44.13
QM;2;111.64,219.94,56.95,168.69,163.2,161.18,204.13,143.86,196.1,132.7,45.07,57.23,56.92,99.05,83.92,47.34,180.33,149.27,67.72,68.73
QN;1;54.16,10.0,92.36,34.36,71.61,64.3,47.59,131.16,69.78,77.57,34.18,93.29,55.53,34.54,76.22,67.98,40.28,58.4,73.34,58.46
QO;0;34.92,2.48,39.28,33.09,15.36,27.72,14.44,19.91,26.51,5.8,58.27,26.69,42.0,9.95,23.46,29.17,32.82,15.12,4.0,29.47
QP;3;207.82,212.02,450.38,375.93,31.51,102.11,265.03,298.06,235.4,417.82,180.7,417.23,301.97,128.37,289.77,188.46,369.53,479.97,194.89,181.25
QQ;3;385.92,191.12,216.55,322.4,318.28,271.55,265.28,291.59,531.97,43.37,163.4,136.26,220.24,77.55,203.54,85.27,213.89,365.9,343.28,300.58
QR;3;163.91,562.88,334.17,384.01,282.41,81.56,72.49,55.55,135.0,413.8,425.73,141.93,277.43,60.75,136.02,117.3,126.25,157.99,236.44,136.22
QS;3;249.61,15.21,125.18,211.78,295.67,145.19,440.44,216.05,430.18,293.7,264.13,356.7,379.51,161.23,342.08,198.06,326.79,34.61,400.06,641.36
QT;2;170.69,65.92,86.1,46.02,152.74,183.07,86.82,76.63,263.81,207.84,170.69,92.55,90.67,120.93,11.51,190.44,119.87,94.87,193.04,132.61
QU;2;135.43,48.39,135.36,14.96,234.37,119.55,95.27,25.08,179.96,82.73,151.89,36.56,63.13,27.13,47.03,106.08,9.29,79.14,43.9,180.18
QV;2;4.02,110.47,204.15,45.51,112.44,77.08,61.13,176.5,226.47,80.01,135.73,82.93,107.37,142.11,127.59,49.39,144.2,86.83,93.62,154.64
QW;2;73.68,21.33,139.39,95.65,174.07,75.02,43.09,118.38,120.49,45.81,117.03,133.73,66.75,161.65,66.87,90.28,193.91,81.85,177.65,74.11
QX;1;52.73,71.54,38.45,70.07,32.74,53.42,83.66,58.05,120.52,86.09,48.9,99.1,67.89,22.91,65.21,27.2,71.33,81.09,93.05,50.17
QY;1;47.6,31.51,77.07,96.08,14.66,87.56,63.41,45.53,47.96,80.18,93.66,114.94,61.03,24.44,89.68,78.39,86.04,105.6,63.52,28.89
QZ;2;108.81,220.95,154.17,207.38,87.13,40.62,112.31,95.97,122.61,144.83,220.63,175.57,211.63,82.84,11.2,177.74,45.84,39.07,62.29,167.4
RA;2;124.77,89.43,14.87,219.19,176.84,129.04,75.36,117.62,159.29,95.04,125.98,103.21,146.35,163.74,88.11,142.52,62.62,148.15,158.91,149.41
RB;3;183.19,119.72,206.41,299.75,386.16,442.53,270.38,268.67,489.63,65.12,168.65,42.25,79.99,319.06,283.93,31.9,322.04,258.42,308.4,179.92
RC;2;302.71,128.86,93.87,45.76,91.77,155.28,247.09,81.25,89.43,7.86,56.07,269.16,76.11,242.88,91.99,142.19,131.31,168.9,68.09,16.62
RD;1;19.53,71.89,1.18,88.27,85.29,40.92,110.4,43.18,89.91,66.04,35.44,40.91,74.85,58.23,80.13,59.37,43.33,52.11,59.6,88.12
RE;3;308.5,357.88,413.57,205.6,344.69,137.42,520.56,446.46,39.86,563.92,262.33,476.75,449.83,177.75,434.58,379.75,420.99,208.36,268.7,240.63
RF;3;131.74,107.11,211.82,84.66,315.32,316.75,156.39,180.28,10.94,105.8,283.98,250.04,138.3,40.99,3.19,190.6,401.56,189.98,175.96,185.52
RG;2;39.64,135.71,48.71,135.71,68.97,145.06,56.73,21.9,160.17,29.21,107.55,6.82,157.51,133.34,21.34,25.04,80.07,171.95,212.08,105.09
RH;1;48.37,29.48,6.53,33.08,65.44,84.21,34.74,23.88,56.06,19.82,85.39,9.89,65.54,117.69,73.78,80.15,49.01,19.19,7.72,86.09
RI;1;32.85,61.4,54.19,92.2,76.13,22.07,16.79,66.15,86.28,27.42,72.98,43.7,83.52,57.76,52.04,71.58,45.5,46.76,63.27,90.47
RJ;2;108.88,103.95,74.36,95.24,94.14,219.42,51.36,118.7,121.52,96.69,218.76,140.09,156.16,214.54,185.21,95.31,147.8,5.59,19.42,137.03
RK;2;78.96,215.0,54.5,96.1,143.0,151.19,169.62,65.18,133.33,156.84,81.22,13.99,134.99,147.11,114.56,217.32,122.61,149.65,76.79,118.51
RL;2;180.62,91.1,40.93,80.66,61.06,127.48,26.38,100.29,184.55,139.36,29.42,96.82,44.15,172.67,204.32,73.46,49.79,14.61,54.8,198.95
RM;0;31.42,0.28,15.47,17.17,10.67,35.8,40.3,5.89,30.6,29.33,28.31,25.44,31.97,24.15,28.09,28.03,3.22,20.11,20.85,34.82
RN;0;45.64,24.78,0.08,31.78,33.63,34.91,38.57,37.38,11.95,4.54,44.13,22.91,5.13,56.71,35.16,36.94,20.64,31.07,44.45,31.87
RO;2;51.47,133.58,80.56,141.76,85.69,106.64,155.79,109.76,94.73,140.13,122.7,71.92,82.1,106.04,119.78,232.65,190.21,137.73,68.34,111.61
RP;2;92.92,122.1,179.29,124.47,125.87,130.44,103.28,112.63,86.68,129.3,35.71,148.23,129.91,78.23,112.12,169.99,79.25,88.53,87.2,140.33
RQ;1;51.4,96.99,31.56,100.76,16.83,30.28,45.29,77.06,92.93,66.51,20.83,80.19,64.51,74.65,81.99,116.23,121.46,84.36,14.48,99.35
RR;2;152.16,103.5,62.32,109.74,62.05,117.7,54.92,106.02,131.54,69.71,210.57,197.42,286.44,65.93,118.67,98.52,90.34,124.39,152.38,200.72
RS;3;243.52,372.04,155.11,217.33,117.65,323.1,164.9,490.41,382.92,68.38,126.08,84.41,272.85,390.84,314.22,403.47,115.93,200.49,60.12,328.77
RT;0;18.0,18.0,6.75,31.4,41.58,5.13,25.62,10.27,27.62,28.89,19.81,27.79,36.49,18.59,26.79,37.95,26.16,12.74,24.25,35.96
RU;1;83.69,66.65,45.21,80.59,58.77,69.07,60.92,81.05,6.99,93.73,66.7,85.38,22.46,12.57,82.75,46.01,90.31,89.92,20.26,76.9
RV;0;37.38,3.99,26.89,65.21,22.99,37.76,28.33,10.22,46.45,19.6,28.28,42.86,34.45,28.99,48.98,13.79,45.68,8.61,31.29,30.87
RW;2;47.43,111.4,56.75,88.73,135.37,161.28,106.2,190.55,41.62,108.78,62.41,36.54,201.17,78.85,107.83,151.21,152.15,120.63,86.8,211.59
RX;1;42.23,64.06,91.16,93.16,28.89,36.0,60.89,96.78,0.07,126.0,74.09,88.63,94.77,12.47,35.36,91.61,36.98,82.2,72.33,38.09
RY;0;8.34,32.87,37.71,18.32,53.6,13.07,19.84,27.26,2.28,11.64,3.61,10.91,5.41,17.7,39.1,48.06,13.51,31.81,23.38,6.48
RZ;3;141.37,139.42,362.4,290.58,298.97,135.32,181.92,328.26,336.84,114.93,356.45,215.52,248.69,153.76,239.19,570.34,492.51,374.77,465.7,316.17
SA;3;330.44,154.23,304.12,472.8,173.95,200.57,90.99,308.32,235.17,473.61,193.71,296.73,330.74,335.04,113.45,214.68,94.86,433.79,394.64,127.44
SB;2;83.86,166.03,58.36,31.09,34.32,40.69,121.01,165.45,122.96,164.37,188.26,110.84,225.57,152.86,222.62,133.09,196.43,124.67,80.99,69.6
SC;2;104.16,131.21,29.82,110.11,140.28,145.38,129.5,63.82,93.28,46.58,64.81,17.27,130.18,99.16,127.04,47.67,25.09,24.14,172.35,75.66
SD;2;117.51,29.97,134.09,138.76,156.34,92.25,73.82,145.62,111.43,161.31,44.11,172.02,137.23,22.9,123.16,91.62,181.88,189.51,182.21,70.55
SE;0;22.45,17.42,22.71,16.47,24.68,23.84,52.98,54.27,54.57,28.52,12.53,27.91,46.15,22.47,23.92,32.99,31.64,30.69,32.61,17.28
SF;3;156.0,345.46,337.48,231.52,172.13,207.88,194.45,241.48,352.33,113.1,13.28,370.86,424.59,392.7,235.08,199.93,322.56,222.14,104.65,139.18
SG;2;164.39,101.64,210.04,42.0,120.16,195.95,62.9,80.46,106.87,99.62,127.93,190.42,62.87,195.97,110.15,126.53,190.93,81.59,205.63,144.59
SH;0;44.33,40.26,2.97,27.75,31.16,56.88,21.89,13.28,25.4,15.93,50.39,36.13,56.12,32.52,23.75,34.92,3.16,34.98,16.14,39.86
SI;2;179.38,127.15,196.05,163.64,6.96,106.45,65.49,219.24,181.03,88.15,146.46,156.39,115.83,46.98,116.14,56.98,123.76,131.55,167.93,192.43
SJ;1;95.28,55.14,8.12,66.69,134.87,23.99,44.39,25.17,79.02,58.05,57.26,33.58,6.19,113.53,100.29,74.09,56.47,45.75,51.57,69.42
SK;0;8.01,41.19,35.63,33.85,26.34,30.11,14.99,36.72,39.74,4.93,50.47,29.06,44.18,27.26,37.6,19.32,15.42,9.14,7.67,11.47
SL;0;9.06,45.93,21.2,28.59,33.7,12.07,25.51,18.95,20.64,22.88,23.34,11.12,16.55,23.94,45.28,21.51,41.76,4.91,7.9,11.14
SM;2;129.74,104.71,69.68,78.07,104.93,200.13,164.05,119.5,70.4,134.14,228.48,193.05,69.57,160.18,120.71,199.72,135.11,118.99,169.16,103.31
SN;0;28.24,24.23,54.06,0.73,23.14,34.57,43.18,34.62,37.98,25.15,19.14,15.06,33.23,2.63,17.75,32.75,17.73,38.69,37.58,37.83
SO;2;170.56,111.38,36.62,99.58,160.5,168.84,110.91,119.19,132.72,168.34,106.57,153.03,131.1,83.98,80.75,120.99,65.11,15.0,3.1,116.3
SP;2;101.39,103.96,284.69,76.94,105.4,134.8,240.15,249.79,141.84,110.95,156.26,2.95,205.79,152.1,151.57,145.44,158.83,146.73,93.29,55.92
SQ;0;9.96,24.73,42.33,6.54,21.71,24.0,6.88,12.02,46.08,30.4,4.15,17.81,19.91,28.81,26.29,23.29,39.42,0.13,24.42,26.22
SR;0;34.56,35.68,51.16,24.06,17.32,31.27,14.5,15.13,41.64,18.57,8.89,5.92,37.94,16.71,31.23,19.73,34.68,41.21,36.06,40.75
SS;1;24.47,122.3,20.82,48.56,47.37,81.39,115.53,67.56,71.25,55.08,50.34,38.14,3.51,67.76,42.58,51.31,80.85,79.11,4.44,63.41
ST;2;108.16,171.24,183.47,54.44,102.52,86.26,207.7,133.54,147.77,148.62,194.23,103.59,195.11,52.46,74.0,119.37,121.65,85.73,25.0,72.53
SU;3;249.86,152.87,251.79,228.22,246.84,254.07,252.0,368.29,37.23,268.84,382.77,148.87,73.98,371.66,148.93,213.13,199.95,224.35,54.08,564.93
SV;1;56.64,116.93,42.46,83.01,7.93,48.94,66.15,41.06,84.21,55.52,92.54,69.91,35.77,3.76,80.82,65.0,59.16,14.17,51.33,95.78
SW;2;165.24,124.01,97.57,29.19,137.93,154.64,39.2,23.81,207.68,156.9,114.85,158.2,10.92,58.05,75.98,155.71,228.7,106.58,21.72,131.64
SX;3;490.13,414.31,397.31,520.02,177.97,323.11,232.69,316.93,211.67,212.24,212.09,275.01,236.4,327.44,377.02,328.01,405.77,215.9,138.62,278.36
SY;1;91.15,44.08,88.42,31.11,26.18,63.06,115.83,110.05,81.18,24.65,35.81,12.98,44.86,94.86,34.46,40.38,70.56,31.93,50.66,56.79
SZ;3;290.71,377.25,280.87,60.94,182.26,302.12,211.93,270.55,354.76,68.83,267.31,193.54,77.5,355.19,101.7,113.48,133.68,78.02,161.71,192.14
TA;1;26.8,91.95,14.12,5.62,32.93,120.19,13.26,44.36,44.03,36.58,67.15,41.36,38.89,28.42,66.22,91.08,135.51,82.52,102.48,67.7
TB;2;10.57,38.29,260.67,136.3,139.38,202.11,200.67,114.25,142.14,123.89,66.17,118.55,151.17,13.77,77.13,52.73,92.33,202.26,16.34,269.44
TC;0;30.07,34.71,12.69,31.27,27.59,22.05,31.73,6.59,40.19,25.24,46.12,35.84,31.61,33.24,14.78,61.35,9.3,21.84,33.26,35.31
TD;2;157.77,202.64,58.51,189.86,120.17,94.13,141.74,74.85,41.01,90.17,140.62,225.42,137.69,171.2,129.8,172.43,145.2,124.34,136.76,154.13
TE;3;276.57,193.98,316.53,151.81,540.25,15.73,424.0,118.16,116.09,390.74,59.58,394.43,132.89,271.47,305.91,182.53,231.96,185.72,183.28,192.42
TF;3;243.86,397.38,257.78,161.75,319.89,276.73,291.08,207.86,228.44,23.7,94.52,413.95,149.68,144.01,390.01,414.22,248.1,219.71,204.82,2.32
TG;2;213.34,139.78,111.0,92.77,6.87,163.71,135.2,160.7,184.42,133.38,158.39,146.87,153.85,151.69,139.81,66.87,144.86,14.24,138.98,157.28
TH;2;207.1,135.11,282.0,31.8,87.19,67.34,76.95,126.18,69.51,108.56,171.25,172.29,126.69,212.4,100.39,90.47,140.76,16.24,52.67,195.73
TI;2;166.22,168.76,85.09,207.69,99.56,205.82,78.44,176.38,137.3,104.13,174.18,54.84,2.35,34.59,179.78,105.56,177.86,306.56,153.35,147.33
TJ;3;561.88,203.4,294.34,195.65,281.04,224.85,24.02,319.25,19.94,314.1,148.02,237.67,388.85,68.9,179.6,252.14,240.9,319.02,235.82,129.27
TK;3;214.86,283.22,484.12,198.08,171.48,242.0,60.68,616.58,454.36,348.64,227.13,55.12,381.11,341.42,262.24,246.03,396.4,272.66,370.96,93.47
TL;1;34.25,85.73,13.17,90.51,7.05,41.46,29.57,62.33,79.21,74.66,71.66,70.52,119.54,63.71,46.32,103.2,78.86,102.04,79.36,75.72
TM;3;140.05,213.39,149.09,377.19,258.99,356.37,277.58,354.11,660.84,370.77,59.42,30.88,126.37,385.66,302.2,329.62,245.13,5.35,225.34,266.93
TN;0;25.64,46.02,32.68,25.12,38.48,16.21,31.98,38.32,8.8,29.16,17.96,10.54,23.16,23.31,11.4,30.48,9.76,35.75,21.88,31.56
TO;0;47.77,20.27,6.84,24.85,4.33,12.27,20.65,31.87,34.72,48.17,31.73,15.72,42.72,26.67,32.29,24.92,42.63,11.6,49.25,52.15
TP;0;22.44,34.2,20.92,32.93,41.87,34.3,7.44,4.54,9.32,29.74,31.94,1.31,34.69,19.53,24.47,21.22,45.58,31.33,32.77,2.88
TQ;2;148.84,136.97,88.28,116.46,66.23,70.02,175.89,117.93,142.6,113.84,141.1,154.03,109.88,139.52,228.73,201.95,15.1,95.7,36.09,169.76
TR;1;140.88,24.84,65.96,69.1,57.76,71.81,65.41,23.72,43.14,27.67,41.86,75.83,51.56,83.84,45.46,38.42,40.55,41.24,58.65,69.49
TS;0;26.29,13.09,16.37,17.02,21.85,13.28,5.63,20.0,17.03,20.95,25.72,24.3,13.47,37.6,41.66,17.43,21.72,14.57,22.92,27.88
TT;3;172.37,145.96,7.12,117.52,231.51,204.66,347.21,122.95,287.43,55.46,135.15,186.91,42.98,327.63,98.72,499.24,131.95,186.45,293.71,273.79
TU;0;43.87,22.99,28.4,29.76,26.58,19.35,20.31,16.31,49.96,8.92,21.29,14.25,24.55,15.96,4.67,23.44,21.67,24.5,31.7,15.12
TV;1;59.41,6.35,129.67,67.24,80.09,21.09,100.3,16.97,79.4,46.99,45.5,73.44,52.71,29.57,23.7,42.18,29.19,46.15,93.52,58.6
TW;2;172.94,182.55,249.99,245.27,148.52,232.06,55.45,70.19,156.43,142.91,47.23,194.29,118.99,202.37,156.07,279.67,2.15,2.31,112.5,59.76
TX;3;286.84,252.34,246.85,160.34,238.82,259.32,128.8,282.87,215.8,227.03,492.28,212.89,222.07,160.02,176.55,431.51,295.58,133.25,301.3,272.26
TY;2;142.74,90.31,48.06,57.08,108.66,130.3,101.89,157.67,99.15,57.01,167.96,130.65,194.48,196.78,190.38,1.23,143.86,138.36,136.79,104.06
TZ;3;186.6,256.63,333.79,207.79,477.18,272.08,164.43,262.95,460.62,396.42,506.92,348.91,39.2,437.13,435.36,272.77,408.8,321.02,592.17,271.16
UA;1;66.35,82.77,56.87,130.73,69.16,70.49,48.79,96.63,82.09,54.43,80.35,47.59,63.4,53.51,29.86,82.63,71.22,20.44,37.29,65.99
UB;3;290.37,280.27,310.72,116.72,166.15,240.61,274.7,295.06,158.14,232.61,167.45,367.16,54.34,332.99,134.04,387.84,271.84,409.26,304.55,252.54
UC;2;185.35,9.23,201.71,144.19,189.6,174.9,72.93,213.24,62.86,197.79,60.63,177.9,95.02,150.76,34.03,86.53,246.02,20.97,170.12,229.45
UD;0;23.28,39.35,33.96,7.9,33.26,28.74,31.86,40.01,16.77,37.35,4.06,35.87,36.26,13.48,36.13,39.05,21.49,6.03,34.68,33.14
UE;2;135.43,117.05,229.42,57.55,24.65,29.25,165.23,173.29,162.64,10.65,16.42,150.85,155.94,191.73,115.71,75.03,121.8,238.43,180.07,83.34
UF;3;382.29,239.25,504.06,216.99,378.4,424.67,283.21,186.61,286.11,530.59,464.86,190.96,276.92,168.09,257.83,301.0,380.91,225.43,282.59,301.99
UG;1;65.07,72.01,48.16,52.94,89.32,50.1,103.24,93.6,79.76,68.7,14.61,52.64,3.75,85.19,99.72,82.51,21.87,76.87,18.92,99.64
UH;2;81.78,148.94,166.05,164.84,189.4,38.23,89.54,72.83,102.01,90.74,79.36,158.46,109.43,121.05,145.61,102.13,161.1,74.75,91.32,73.73
UI;3;157.15,293.53,546.31,177.83,134.95,120.16,203.78,331.49,224.45,317.0,133.25,244.09,537.63,140.41,86.53,207.79,551.47,315.29,269.48,128.83
UJ;0;43.65,26.4,32.95,30.61,7.82,0.45,13.97,23.43,53.91,25.46,36.29,46.8,27.35,45.93,26.66,23.14,43.58,22.54,34.78,42.95
UK;2;142.37,155.34,115.07,21.79,24.15,287.86,124.75,85.48,207.98,242.14,115.7,284.0,207.68,127.29,256.26,47.38,193.13,168.91,11.84,161.26
UL;0;38.49,34.24,43.91,29.57,28.82,46.13,1.25,38.41,19.83,34.96,56.92,8.68,19.09,58.45,38.26,32.57,17.55,37.34,32.68,9.32
UM;2;12.85,132.77,218.15,159.29,106.25,10.85,102.95,128.26,71.04,100.83,95.29,66.18,152.75,135.95,116.07,161.05,101.21,143.27,125.57,85.2
UN;1;92.79,87.96,73.63,34.04,130.33,74.87,106.28,71.16,73.06,49.67,72.32,48.3,35.58,57.58,23.65,30.27,35.17,90.65,55.71,23.84
UO;3;194.76,244.85,67.66,323.87,34.48,273.72,60.95,595.43,144.12,93.9,421.93,284.47,272.41,444.03,299.8,258.76,397.62,659.9,274.28,391.86
UP;2;207.22,190.18,93.46,144.9,227.61,133.52,116.87,54.49,6.8,220.72,149.71,184.22,31.32,183.53,229.3,77.3,70.55,145.66,119.92,102.79
UQ;3;437.6,174.97,300.4,266.12,115.79,270.18,158.6,227.58,347.72,288.97,238.77,282.51,172.3,280.96,149.5,31.54,168.07,173.45,326.61,93.06
UR;2;127.2,142.25,161.0,161.5,107.78,122.79,86.03,91.92,204.49,117.84,32.36,168.6,94.32,48.06,220.91,1.47,44.21,68.58,239.02,126.32
US;2;169.88,128.74,108.89,29.33,183.69,87.46,126.22,151.05,148.47,175.83,226.46,52.04,81.02,237.87,370.69,229.18,200.08,45.97,55.75,304.46
UT;3;297.01,175.25,298.28,371.32,192.74,451.24,311.43,392.98,254.89,303.53,338.89,278.74,326.48,457.7,192.3,125.56,71.39,388.61,46.16,242.01
UU;2;52.92,65.15,134.44,133.94,87.82,52.19,107.68,44.92,144.38,185.45,77.42,53.6,107.49,132.14,252.08,115.01,92.07,52.6,188.6,73.73
UV;2;225.1,54.91,142.67,48.46,201.59,172.09,193.27,106.97,150.19,132.12,49.96,29.66,91.54,117.47,9.12,105.54,188.89,203.16,114.48,75.02
UW;3;304.17,229.27,275.59,223.65,96.52,311.59,347.66,4.6,445.49,147.58,149.53,329.21,176.68,191.93,278.04,514.48,114.22,216.52,265.89,185.99
UX;1;50.14,12.79,33.85,96.31,101.27,38.81,42.79,16.91,70.46,97.12,84.95,59.43,85.35,71.36,27.32,56.27,44.08,14.03,40.26,89.26
UY;2;40.96,186.78,6.73,169.31,200.14,171.84,108.03,140.64,163.33,137.13,42.65,114.6,126.68,159.0,38.15,58.45,102.87,129.06,45.83,202.07
UZ;0;28.64,43.76,20.49,27.11,38.78,13.13,32.18,30.62,28.88,23.11,1.06,30.27,29.55,22.81,31.91,28.66,48.88,20.08,12.62,36.58
VA;3;386.02,396.55,287.43,411.98,259.87,160.74,392.27,165.88,343.13,94.23,261.97,323.02,145.23,394.07,409.02,195.19,257.18,318.74,237.02,233.62
VB;0;39.97,22.34,14.68,12.26,25.83,24.96,44.18,30.86,5.68,43.92,26.58,17.4,39.21,30.24,28.63,33.99,18.96,53.99,19.03,32.51
VC;2;129.81,150.03,23.5,158.82,95.21,111.91,119.85,89.3,39.52,132.1,165.48,136.37,68.68,7.53,107.4,127.79,86.52,108.7,131.33,87.28
VD;0;25.88,15.85,4.42,31.86,23.17,31.17,17.79,6.38,58.62,21.65,27.73,20.88,9.62,24.38,30.25,35.41,48.0,35.01,34.67,26.17
VE;0;41.55,20.07,45.87,18.91,16.97,35.05,50.36,30.24,47.39,21.67,22.85,15.31,27.41,43.01,38.63,27.42,45.31,26.84,45.25,32.94
VF;1;56.92,63.39,17.42,49.27,52.54,46.91,17.87,54.52,55.86,38.08,73.57,76.74,42.86,96.4,31.29,101.69,12.84,43.52,100.79,46.57
VG;1;78.62,62.91,42.83,88.53,99.31,101.36,44.18,38.67,65.42,38.49,49.0,52.09,21.81,17.09,29.03,64.02,73.23,64.83,52.89,30.19
VH;0;36.54,43.12,10.96,4.71,40.76,14.99,24.67,1.14,21.59,31.52,28.98,50.82,56.01,17.76,29.44,29.12,30.49,30.57,34.53,20.27
VI;1;145.34,44.64,79.45,70.78,21.38,12.43,101.55,46.01,35.74,9.77,11.4,52.63,54.9,35.28,45.47,46.37,30.51,44.91,62.84,115.26
VJ;1;32.18,59.78,81.95,25.99,26.81,43.22,18.69,70.53,91.58,92.05,102.45,26.61,75.29,138.74,29.83,34.15,66.13,98.16,90.27,56.03
VK;0;27.43,10.98,28.42,17.67,27.12,28.47,45.46,19.3,20.14,28.21,13.9,27.14,11.28,28.71,27.44,34.37,20.66,37.44,22.31,40.38
VL;1;121.14,123.96,44.73,11.15,31.6,38.87,21.98,47.98,83.62,71.73,58.78,10.05,79.61,38.55,69.2,66.94,62.9,99.23,28.74,35.44
VM;3;364.89,281.08,159.74,214.41,304.31,321.61,316.57,387.74,192.81,477.49,347.48,37.28,160.94,9.63,214.58,552.71,228.1,168.81,185.57,165.03
VN;1;73.51,4.31,70.14,82.48,43.36,63.82,73.03,36.54,52.8,19.43,72.04,73.51,85.15,38.23,46.48,39.92,95.21,36.17,147.19,92.55
VO;1;77.43,108.35,57.51,103.92,69.18,40.78,27.26,63.69,37.75,113.05,77.4,69.01,2.7,17.94,51.66,107.46,66.14,31.25,51.0,66.99
VP;1;53.07,65.53,49.01,31.58,74.78,52.7,24.27,30.55,57.82,53.37,85.83,29.38,54.46,85.26,92.77,33.38,85.41,71.07,100.0,69.87
VQ;0;28.66,14.09,26.28,28.42,46.36,35.46,9.96,0.1,45.26,47.56,30.55,24.36,7.45,26.39,28.98,2.73,14.24,39.7,12.83,26.41
VR;1;37.45,46.78,32.1,89.43,70.66,70.12,112.38,67.39,22.27,63.71,53.89,40.16,47.58,78.48,54.49,46.01,132.98,78.57,74.15,83.33
VS;2;172.27,177.92,76.31,181.73,130.97,226.46,9.04,41.12,72.73,147.29,137.48,130.67,120.89,213.54,39.09,176.28,48.78,151.57,61.46,260.69
VT;3;142.88,156.77,298.07,315.25,262.48,370.87,377.79,167.55,229.75,374.94,295.99,186.33,298.4,358.51,133.05,212.09,108.74,257.25,39.5,196.31
VU;2;90.22,130.37,45.79,198.03,83.52,111.14,132.17,194.77,87.17,116.64,5.66,33.36,42.39,134.15,170.67,180.68,193.71,168.38,124.4,131.33
VV;0;8.86,35.15,35.48,45.56,26.97,9.16,33.9,37.79,1.39,14.69,12.44,37.27,0.22,7.0,37.92,26.54,47.85,50.46,1.26,22.19
VW;1;31.69,40.99,9.03,100.43,15.33,61.99,68.02,57.18,61.15,71.67,23.67,90.97,81.04,50.03,44.32,60.82,124.09,6.49,35.25,64.97
VX;2;238.46,122.69,78.55,88.53,84.08,108.06,162.57,158.91,151.19,169.31,107.99,137.23,134.3,97.57,130.9,86.09,67.83,151.27,88.22,164.28
VY;2;12.04,144.16,106.31,138.9,136.54,76.67,108.3,208.18,225.85,99.98,96.09,206.96,82.54,146.79,192.76,131.22,208.24,115.2,31.58,131.76
VZ;0;34.84,23.18,3.54,23.65,16.05,27.13,19.36,13.99,17.98,44.4,5.88,6.04,29.74,41.1,15.75,38.41,17.13,35.93,41.18,36.75
WA;0;10.43,25.79,38.06,48.42,18.99,4.83,44.64,21.31,40.82,18.21,33.56,15.13,22.84,46.22,30.23,15.91,45.73,27.84,19.04,27.03
WB;2;67.48,75.19,131.77,93.47,122.62,76.48,11.47,31.58,148.09,168.21,109.83,130.47,204.74,207.89,31.37,92.79,136.77,248.24,169.25,111.99
WC;3;200.93,46.3,255.97,382.63,306.44,452.99,288.11,337.75,416.14,302.55,311.57,303.24,215.5,15.61,190.1,18.47,269.58,344.73,309.05,393.15
WD;0;37.12,47.24,3.85,10.16,22.5,42.84,22.51,27.41,31.01,1.12,23.84,43.25,24.36,24.4,4.78,30.03,21.46,31.86,19.27,26.78
WE;2;103.0,89.18,26.46,10.22,24.65,140.16,154.77,137.19,58.32,97.1,103.47,81.92,44.08,222.2,42.12,136.99,127.15,231.39,115.03,181.37
WF;0;39.19,44.15,33.19,57.89,20.58,35.18,22.22,24.69,19.46,40.05,16.52,18.9,18.43,35.29,41.53,1.38,9.15,13.97,31.18,29.63
WG;1;73.25,37.86,59.47,49.05,28.03,60.22,35.6,33.21,78.39,60.07,67.52,62.46,19.71,54.54,72.45,110.56,61.39,56.93,39.93,34.83
WH;0;44.15,46.42,25.36,31.13,25.37,42.06,17.09,12.7,18.49,16.34,37.7,13.84,26.12,25.2,13.36,39.66,17.79,18.44,8.84,26.46
WI;1;116.52,63.14,16.22,56.06,88.82,43.05,80.92,71.25,53.19,5.87,49.31,7.23,63.71,32.55,38.63,19.29,88.22,5.75,58.91,62.88
WJ;3;595.87,292.38,346.52,572.38,339.81,38.28,118.27,175.74,165.4,359.26,90.84,387.0,400.32,184.2,286.18,431.37,135.72,507.19,81.78,357.97
WK;2;28.11,83.59,221.67,86.87,134.9,142.78,71.26,170.06,125.65,63.53,125.19,150.11,107.72,158.95,181.41,103.36,85.83,134.46,237.42,50.0
WL;3;515.99,240.41,206.85,294.64,367.52,612.33,477.93,366.21,213.16,77.84,237.0,496.35,161.18,228.94,407.51,272.17,222.08,313.82,432.96,360.19
WM;1;48.62,74.97,93.51,55.49,64.22,34.27,53.09,71.67,57.59,24.36,89.35,9.73,114.04,54.87,80.73,25.32,90.08,58.36,60.05,65.33
WN;0;19.4,42.49,31.79,18.43,13.23,7.46,31.52,35.38,21.02,18.22,21.1,40.6,29.61,23.59,1.72,56.5,9.81,24.63,34.16,23.78
WO;2;108.15,90.5,172.49,105.88,88.64,63.59,80.67,110.9,28.53,158.74,192.56,79.41,190.09,177.22,177.41,176.98,116.04,104.6,83.98,128.75
WP;3;304.58,350.74,275.75,610.14,230.09,274.17,335.22,255.89,412.31,203.94,205.54,248.05,236.04,285.26,50.94,265.86,321.68,111.55,447.25,210.33
WQ;2;45.11,105.47,229.76,138.0,177.2,79.65,108.83,138.94,4.27,66.13,129.77,147.59,60.89,61.97,85.7,68.78,3.62,235.26,126.35,45.52
WR;3;292.26,195.35,64.03,306.85,323.7,285.36,426.77,125.7,199.97,358.99,245.59,435.88,115.62,373.26,249.51,501.31,54.71,448.95,400.16,181.39
WS;3;85.09,234.32,273.55,286.55,583.43,245.22,179.74,262.04,122.46,149.74,539.17,182.98,225.61,143.49,139.37,368.45,28.68,241.73,187.29,389.93
WT;2;154.68,154.73,115.49,100.94,127.6,160.75,70.35,137.6,137.29,198.8,90.63,138.13,58.14,81.49,54.55,156.02,28.64,69.95,143.25,3.97
WU;3;315.64,420.86,209.23,57.25,178.62,410.68,354.32,240.78,285.88,289.12,258.05,246.87,16.67,351.55,453.49,204.5,310.93,337.16,66.77,108.8
WV;2;96.14,162.15,134.84,143.36,41.13,116.97,49.13,79.23,135.36,126.48,44.1,111.73,145.82,173.03,116.02,148.66,231.47,149.97,94.51,16.28
WW;0;18.51,26.32,29.51,45.4,29.55,16.97,15.58,21.02,40.4,39.31,22.36,11.79,21.03,32.56,27.5,25.09,46.74,35.76,10.56,32.44
WX;0;21.75,32.05,33.7,22.44,14.87,13.68,26.75,37.24,32.59,13.58,45.36,9.27,26.53,31.24,39.26,41.05,27.96,15.04,31.02,1.71
WY;3;483.44,65.05,182.55,228.87,254.11,242.26,228.89,206.65,437.69,103.33,146.57,106.28,245.12,224.73,39.91,325.38,188.87,183.76,378.07,14.32
WZ;0;14.96,24.51,47.79,8.05,67.07,36.39,7.45,49.17,27.75,50.97,42.27,9.04,19.71,41.58,31.08,26.23,7.89,8.38,35.87,6.16
XA;2;194.6,106.78,158.21,125.97,178.64,201.02,28.97,212.35,161.87,69.93,174.52,232.31,107.13,59.61,170.65,64.38,81.16,136.94,151.01,179.65
XB;0;50.7,17.84,33.06,21.28,71.2,22.8,18.18,7.61,36.94,23.85,35.57,32.99,23.73,24.96,53.13,23.99,32.5,25.19,21.05,8.39
XC;1;3.83,35.37,89.78,44.46,89.09,40.93,70.9,33.37,6.48,49.5,76.81,18.08,41.33,63.93,108.43,89.61,80.18,40.69,48.04,57.9
XD;3;228.22,395.05,240.11,65.54,517.46,221.88,369.73,273.87,258.91,298.56,463.4,92.64,430.13,226.2,435.07,178.39,380.17,204.36,322.55,307.54
XE;0;29.59,17.01,19.84,45.88,27.52,17.65,2.27,11.95,16.75,11.94,35.96,30.82,42.45,41.13,28.76,15.35,17.47,16.06,36.27,4.16
XF;2;157.93,137.41,124.99,137.79,142.17,83.52,121.2,138.1,55.85,282.89,177.52,56.98,68.11,195.26,136.3,81.22,168.55,159.01,175.76,112.69
XG;0;10.46,22.08,28.45,2.69,54.25,38.59,37.7,6.39,47.39,23.34,53.63,53.82,8.2,17.69,15.0,9.45,21.51,4.6,32.6,19.91
XH;2;69.89,9.97,164.04,130.25,55.68,90.81,89.62,166.61,73.08,42.21,52.82,144.94,128.0,121.14,167.7,82.03,65.81,105.41,224.29,193.08
XI;1;87.99,7.81,16.49,36.91,28.59,91.58,66.94,11.03,8.72,41.03,127.11,90.71,21.53,40.3,77.61,56.92,71.9,21.02,43.07,68.73
XJ;1;67.49,67.4,8.46,6.85,125.13,71.22,65.11,79.05,52.11,30.54,42.21,67.58,112.61,62.65,57.38,101.82,106.8,72.23,112.05,55.48
XK;3;481.67,361.28,310.65,101.49,210.75,141.3,298.8,246.33,182.6,259.63,22.65,268.99,45.33,190.35,114.3,308.04,245.79,164.28,109.71,284.42
XL;3;0.33,43.81,72.78,20.65,206.39,239.12,184.97,355.14,255.65,235.91,82.23,26.78,286.72,329.62,96.76,234.52,595.55,342.62,85.03,155.73
XM;2;179.36,148.7,191.24,131.7,11.7,72.36,142.63,153.92,195.44,166.61,155.08,200.12,102.05,154.05,119.29,192.08,174.74,51.69,122.22,42.96
XN;0;29.39,11.19,66.28,8.43,12.49,57.08,36.53,68.45,29.29,27.67,19.69,23.92,17.55,28.18,33.7,20.52,10.57,21.4,19.2,2.08
XO;3;369.03,267.42,416.68,292.58,128.67,231.23,419.43,417.91,333.98,340.44,269.99,131.81,219.61,310.04,356.89,210.26,227.93,282.63,34.26,413.62
XP;3;180.43,150.43,251.09,170.19,187.67,447.63,381.13,190.56,468.22,366.15,28.93,406.39,413.38,72.31,270.65,238.41,490.05,547.32,60.74,293.14
XQ;3;273.24,138.65,382.39,348.57,337.72,224.47,114.55,134.82,9.75,224.67,284.3,147.22,187.95,233.51,202.95,31.48,72.13,393.19,316.67,227.82
XR;2;22.48,87.84,136.33,152.96,114.94,171.32,89.47,105.05,139.38,188.18,130.37,69.82,127.19,73.3,98.48,169.65,201.68,64.53,185.53,119.56
XS;1;36.01,99.29,5.22,26.65,30.45,90.43,113.82,87.93,100.35,13.64,28.31,91.98,20.3,79.64,39.77,44.84,88.86,76.58,11.37,47.07
XT;0;31.14,6.96,30.62,45.22,35.04,27.74,15.69,20.4,23.41,22.33,33.2,33.59,14.4,12.26,20.43,43.85,42.4,42.45,26.13,29.66
XU;1;110.44,40.02,82.55,86.31,35.66,39.46,51.83,86.15,55.63,83.17,3.8,56.73,16.22,70.91,78.82,36.17,51.64,67.78,39.12,70.14
XV;0;29.3,9.28,24.83,39.35,12.49,8.26,10.78,54.45,25.61,27.55,17.94,25.21,35.82,29.54,56.2,43.94,36.53,3.9,15.94,30.49
XW;3;348.31,295.92,281.59,348.99,226.61,243.71,141.11,164.12,374.41,272.89,270.51,36.26,187.1,179.58,72.6,450.61,326.46,420.26,183.93,24.5
XX;3;146.37,310.7,304.33,226.3,198.85,529.29,235.29,22.75,82.42,167.54,194.38,260.16,295.1,504.11,388.09,210.9,96.42,235.14,295.23,242.08
XY;0;33.17,48.99,20.34,10.83,9.93,8.61,10.62,24.06,22.26,27.28,16.89,11.58,28.31,55.94,21.75,27.15,18.67,23.99,28.85,42.38
XZ;1;58.38,69.98,10.05,73.95,44.03,83.39,50.71,48.6,42.17,75.84,81.47,83.1,85.11,40.84,85.71,87.03,34.07,54.99,26.82,8.12
YA;3;271.13,503.79,18.73,141.79,177.59,130.19,226.24,267.46,160.8,144.72,269.06,79.59,294.13,85.41,179.07,379.0,268.66,322.56,497.13,269.43
YB;2;7.81,182.1,110.01,187.7,55.05,94.97,203.86,82.64,137.2,79.66,175.48,64.68,206.17,98.61,31.91,137.1,108.82,135.86,114.79,225.13
YC;3;342.39,308.96,219.35,240.37,350.14,257.61,103.3,217.51,341.34,171.52,468.25,286.16,324.55,103.1,266.97,220.59,255.08,296.59,190.38,357.37
YD;3;241.12,180.7,240.52,506.57,145.37,253.0,191.03,525.37,219.69,467.83,507.53,250.07,323.36,20.03,238.9,278.16,4.07,326.58,307.69,174.03
YE;0;32.35,41.37,11.3,1.51,23.5,34.55,16.04,13.01,25.86,20.7,34.58,60.4,40.11,6.44,37.16,27.03,2.81,13.44,27.34,0.12
YF;3;218.76,370.09,268.22,368.93,279.22,274.67,231.71,12.05,377.52,361.8,225.94,280.62,227.41,37.65,180.94,264.8,374.01,117.65,171.3,142.08
YG;1;11.44,48.08,65.68,71.57,37.3,64.05,93.86,1.57,23.12,2.27,63.26,89.95,62.36,23.98,54.55,69.12,77.67,4.63,65.95,12.65
YH;3;321.2,417.88,146.44,320.23,183.47,149.1,219.81,373.02,251.02,174.12,369.72,126.69,102.35,194.01,15.31,384.14,512.55,139.57,179.77,87.28
YI;2;175.51,147.65,175.82,72.39,114.88,202.19,53.34,173.91,59.3,13.91,133.28,159.32,145.32,114.69,96.89,126.48,98.05,75.88,75.09,65.51
YJ;2;57.4,187.23,77.63,203.32,66.13,161.21,204.21,96.91,195.98,128.08,179.41,37.66,130.88,154.47,140.63,151.6,110.8,134.02,183.67,178.43
YK;1;116.02,60.08,95.4,41.24,96.19,53.98,129.45,51.0,35.58,85.85,47.45,25.93,120.1,42.74,70.21,81.14,16.62,34.23,63.4,22.55
YL;3;123.39,327.05,274.02,461.76,259.79,332.68,406.52,108.27,191.48,202.63,231.59,104.0,379.49,457.63,303.74,308.19,358.82,174.29,258.89,69.63
YM;0;30.98,10.96,30.76,8.8,4.75,23.6,29.59,61.26,30.03,20.19,7.88,44.52,19.87,13.15,38.7,41.66,13.62,42.12,23.74,49.89
YN;2;132.43,92.44,234.13,14.7,79.71,86.43,25.21,86.42,199.14,107.82,68.85,181.07,65.82,98.86,217.79,167.93,21.45,68.73,170.68,96.59
YO;0;15.34,11.11,17.16,1.79,44.81,30.07,38.66,35.61,15.06,38.38,48.52,27.48,32.87,11.85,14.14,25.45,17.46,7.96,22.54,31.79
YP;0;19.87,40.29,54.61,34.94,35.33,31.31,28.54,38.1,32.2,26.21,30.37,24.45,30.51,46.02,42.25,26.43,47.32,46.17,14.92,22.46
YQ;0;48.29,29.06,35.58,38.23,13.88,16.7,27.44,56.05,27.33,41.7,48.94,27.99,18.68,16.72,29.03,36.19,16.49,29.93,53.0,40.27
YR;2;43.68,135.85,125.47,89.95,243.09,93.27,55.46,8.48,173.61,114.87,97.33,276.21,115.14,137.88,128.73,85.72,73.81,196.75,117.57,134.54
YS;0;26.24,16.98,29.91,9.76,25.34,45.97,20.91,43.16,24.2,43.07,28.97,18.22,25.07,9.96,22.99,25.81,53.96,21.05,47.58,16.08
YT;3;409.57,304.52,489.1,342.8,487.86,221.86,384.14,304.93,317.21,91.18,421.11,196.84,225.37,103.36,256.33,209.99,327.15,244.0,201.43,522.63
YU;2;257.09,77.37,198.72,176.35,80.6,50.01,128.87,25.11,110.94,135.36,93.32,59.46,71.41,93.13,100.78,40.96,50.12,103.53,45.44,229.92
YV;2;135.36,111.25,107.59,137.39,90.99,112.05,187.11,64.36,174.33,200.8,33.74,98.17,113.98,24.09,36.65,218.19,167.0,197.29,59.11,172.71
YW;3;157.66,375.92,149.47,241.03,137.46,348.51,351.65,212.23,399.53,224.64,492.03,163.29,323.57,93.74,391.93,545.01,485.73,346.2,283.19,344.16
YX;2;109.76,191.72,117.06,183.1,112.85,109.0,202.04,190.3,83.46,77.26,167.29,115.2,187.31,279.79,175.73,1.27,44.99,40.39,75.57,54.2
YY;1;36.38,79.5,40.28,104.6,70.35,125.2,41.18,54.23,71.4,0.53,27.69,92.57,46.55,50.9,49.36,116.74,48.42,77.1,37.76,57.66
YZ;3;163.83,315.2,115.58,19.12,27.22,302.04,307.91,191.19,185.86,139.55,286.68,347.67,213.31,242.88,183.86,234.12,53.36,219.58,282.54,120.21
ZA;2;88.61,171.58,75.95,139.2,154.78,125.21,141.42,159.37,236.06,166.93,137.02,75.98,163.53,141.31,50.72,132.5,50.57,51.32,164.03,111.67
ZB;0;17.39,67.94,29.14,25.83,22.21,19.18,20.92,24.67,14.64,9.73,29.44,28.62,52.83,37.55,4.12,18.25,20.48,10.28,40.87,31.86
ZC;3;131.95,274.93,184.95,366.69,710.52,168.26,121.23,163.55,317.63,13.25,281.22,368.21,482.81,320.96,331.44,314.0,212.49,333.03,247.69,429.02
ZD;0;45.42,13.2,51.62,23.62,23.48,19.43,20.8,32.99,12.8,39.94,55.38,20.41,33.44,21.84,25.26,16.24,15.09,37.9,6.69,9.26
ZE;3;174.86,312.83,119.79,353.52,564.07,76.11,347.76,417.29,187.7,353.79,120.67,228.24,29.86,232.62,300.64,237.7,53.62,312.07,129.28,255.77
ZF;1;84.22,25.5,69.59,29.97,28.58,67.41,44.99,82.82,61.44,85.63,47.17,84.1,30.59,39.16,75.75,123.94,76.7,64.65,78.78,38.29
ZG;1;61.87,32.65,58.27,8.33,67.89,33.88,41.9,57.14,70.78,68.42,8.17,18.06,117.53,15.68,67.81,63.49,58.8,62.4,43.44,48.05
ZH;1;60.91,69.36,51.09,29.14,72.51,71.61,59.64,23.42,19.78,90.02,83.72,70.91,60.14,53.28,51.0,51.84,28.59,77.61,40.13,71.28
ZI;3;286.49,443.56,342.67,155.41,340.63,84.12,422.52,212.89,309.86,164.06,340.23,384.81,369.15,282.89,272.61,342.58,544.37,300.98,172.67,209.01
ZJ;3;168.84,155.12,415.4,391.44,274.19,353.71,230.79,211.25,152.62,330.19,444.72,207.99,360.05,342.73,144.66,403.84,146.0,261.24,372.99,299.82
ZK;3;192.9,160.82,319.99,262.71,309.73,494.24,354.48,160.16,171.37,127.34,161.58,42.67,352.93,356.94,313.53,300.61,374.62,334.33,236.51,585.87
ZL;0;46.78,5.33,15.29,15.99,22.0,41.3,3.53,58.3,22.77,22.03,48.68,12.68,52.05,43.75,24.65,34.38,27.18,6.82,19.1,17.11
ZM;1;60.61,89.98,80.61,71.83,89.58,95.02,73.69,45.41,38.78,67.27,27.58,58.62,48.38,34.03,138.64,25.52,61.97,93.13,43.33,51.9
ZN;3;396.13,383.75,381.63,136.14,290.8,318.95,314.1,358.84,241.66,301.72,187.08,201.16,267.3,156.46,238.25,361.34,339.11,501.76,417.04,258.14
ZO;3;178.77,342.76,218.21,218.27,375.46,413.33,428.38,233.09,249.53,198.86,17.7,579.48,208.94,441.9,354.92,431.57,405.71,300.44,393.77,391.15
ZP;0;11.73,12.59,23.82,24.39,41.74,23.16,14.94,35.4,40.03,44.03,24.41,51.76,12.49,25.58,35.03,11.59,62.88,30.07,25.97,11.23
ZQ;2;163.58,293.65,66.94,104.83,164.35,98.45,26.59,128.04,258.89,153.27,99.81,119.77,186.4,92.64,58.35,87.81,48.06,82.88,202.07,254.39
ZR;2;179.64,172.83,102.81,91.74,278.12,120.21,113.5,69.84,137.07,26.42,32.62,84.88,191.04,156.25,190.29,181.1,141.74,170.86,49.73,224.74
ZS;3;397.67,548.3,116.01,236.62,317.67,306.07,253.64,0.86,201.33,356.94,230.35,139.48,342.13,365.91,216.83,111.54,496.8,385.8,276.29,277.76
ZT;3;525.02,106.24,271.44,235.44,117.78,302.01,171.92,520.9,209.81,178.03,195.97,150.36,173.47,346.47,486.84,337.11,156.86,217.06,319.85,400.17
ZU;3;15.53,127.9,146.23,153.88,171.57,101.21,469.89,436.17,400.73,347.55,535.48,340.23,286.12,360.13,337.64,116.65,209.63,167.1,171.75,59.22
ZV;1;24.18,50.78,48.32,86.74,70.24,24.15,62.81,121.48,93.36,56.49,112.08,84.47,48.9,115.8,55.3,74.86,55.07,68.14,60.79,73.47
ZW;2;211.16,138.93,216.97,170.95,91.44,86.08,100.28,145.09,23.8,166.94,62.68,4.2,202.83,113.48,217.79,214.81,40.75,192.01,123.47,148.0
ZX;2;140.57,74.56,88.43,113.54,62.64,240.44,205.25,131.95,147.65,242.28,217.32,25.61,68.72,11.06,107.56,14.91,152.48,197.19,118.24,65.42
ZY;0;8.44,10.83,16.2,25.21,17.27,18.0,21.65,18.41,34.07,29.97,5.89,29.06,16.53,22.17,16.53,9.56,33.81,25.76,38.58,32.34
ZZ;0;22.08,24.46,16.51,32.82,26.47,12.51,51.69,21.23,5.02,27.44,16.14,15.98,18.83,29.43,9.12,21.59,42.24,22.17,17.17,38.45
